[1] 2015-06-23
Test of recode from unique ID to serial ID (10 random ids)

    hhidpn sid wave age male
  15497040   7    6  59    0
  15497040   7    7  61    0
  15497040   7    9  65    0
  15497040   7   11  69    0
  16873030   9    6  59    1
  16873030   9    7  61    1
  16873030   9    8  63    1
  16873030   9   11  69    1
  30237030  32    6  59    0
  30237030  32    7  61    0
  30237030  32    8  63    0
  30237030  32    9  65    0
  30237030  32   11  69    0
  45000030 250    7  61    0
  45000030 250    9  65    0
  45000030 250   11  69    0
  47604030  62    6  59    0
  47604030  62    7  61    0
  47604030  62    8  63    0
  47604030  62    9  65    0
  47604030  62   10  67    0
  47604030  62   11  69    0
  55369040  73    6  59    1
  55369040  73    7  61    1
  55369040  73   10  67    1
 117044020 127    6  59    1
 117044020 127    7  61    1
 117044020 127    8  63    1
 117044020 127    9  65    1
 117044020 127   10  67    1
 117044020 127   11  69    1
 137183020 158    6  59    0
 137183020 158    7  61    0
 137183020 158    8  63    0
 137183020 158    9  65    0
 137183020 158   10  67    0
 137183020 158   11  69    0
 138539020 162    6  59    1
 138539020 162    7  61    1
 138539020 162    8  63    1
 138539020 162    9  65    1
 145086010 170    6  59    0
 145086010 170    7  61    0
 145086010 170    8  63    0
 145086010 170   10  67    0
 145086010 170   11  69    0


@@@@@@@
Renames of variable columns
@@@@@@@

      oldcol                     
 [1,] "cleandat[, \"sid\"]" "id" 
 [2,] "cleandat[, y]"       "y"  
 [3,] "cleandat[, t]"       "age"
 [4,] "raedyrs"             "z1" 
 [5,] "male"                "z2" 
 [6,] "black"               "z3" 
 [7,] "itot"                "x1" 
 [8,] "atota"               "x2" 
 [9,] "marr"                "x3" 
[10,] "ret"                 "x4" 
[11,] "emp"                 "x5" 
[12,] "unemp"               "x6" 


@@@@@@@
Recodes
@@@@@@@


	Center age at 65
	Center education at grand mean[1] 12.7

	Log income after adding 1 (to prevent log(0))
	Log abs(wealth+1)*(wealth+1/abs(wealth+1)) (to prevent NaN)
	Center time variant variables within individuals (group mean centering
)
	Print individual and centered means for 5 random individuals to confirm coding.

        id age y    x1   x2 x3 x4 x5 x6   cy       cx1       cx2 cx3    cx4    cx5
1667    12  -6 1 11.37 11.7  0  0  1  0 -0.5 -0.122459 -0.913756   0  0.000  0.000
166710  12  -4 1 11.38 12.9  0  0  1  0 -0.5 -0.118875  0.315828   0  0.000  0.000
166712  12  -2 3 11.12 12.1  0  0  1  0  1.5 -0.370843 -0.514057   0  0.000  0.000
166714  12   0 1 11.98 13.2  0  0  1  0 -0.5  0.489276  0.605524   0  0.000  0.000
166716  12   2 1 11.37 12.4  0  0  1  0 -0.5 -0.125455 -0.137922   0  0.000  0.000
166718  12   4 2 11.74 13.2  0  0  1  0  0.5  0.248355  0.644382   0  0.000  0.000
13866  123  -6 2 12.44 13.5  0  0  1  0 -0.2  0.352706 -0.014796   0  0.000  0.000
138661 123  -4 2 12.09 13.3  0  0  1  0 -0.2 -0.000478 -0.171558   0  0.000  0.000
138662 123  -2 2 12.67 13.7  0  0  1  0 -0.2  0.583428  0.250954   0  0.000  0.000
138663 123   0 3 11.55 13.4  0  0  1  0  0.8 -0.542686 -0.097034   0  0.000  0.000
138664 123   2 2 11.70 13.5  0  0  1  0 -0.2 -0.392969  0.032435   0  0.000  0.000
13881  127  -6 2 11.58 13.6  1  0  1  0  0.0 -0.791628 -0.210275   0  0.000  0.000
138811 127  -4 2 11.61 13.6  1  0  1  0  0.0 -0.763955 -0.143438   0  0.000  0.000
138813 127  -2 2 12.60 13.8  1  0  1  0  0.0  0.223887 -0.000136   0  0.000  0.000
138815 127   0 2 12.09 13.9  1  0  1  0  0.0 -0.285309  0.148464   0  0.000  0.000
138817 127   2 2 13.22 14.3  1  0  1  0  0.0  0.842560  0.533444   0  0.000  0.000
138819 127   4 2 13.15 13.4  1  0  1  0  0.0  0.774445 -0.328058   0  0.000  0.000
15651  205  -6 3  9.62 10.6  1  0  1  0 -0.4 -0.317655 -0.217033   0 -0.400  0.400
156511 205  -4 4 10.13 11.1  1  0  1  0  0.6  0.193144  0.200400   0 -0.400  0.400
156513 205  -2 3 10.13 11.8  1  0  1  0 -0.4  0.193144  0.955096   0 -0.400  0.400
156515 205   0 4 10.29 10.6  1  1  0  0  0.6  0.358830 -0.253847   0  0.600 -0.600
156519 205   4 3  9.51 10.2  1  1  0  0 -0.4 -0.427462 -0.684616   0  0.600 -0.600
56091  248  -4 2 10.29 13.1  1  0  1  0  0.0 -0.168340  0.305417   0 -0.667  0.667
56093  248   0 2 10.59 12.7  1  1  0  0  0.0  0.138935 -0.184233   0  0.333 -0.333
56095  248   4 2 10.48 12.7  1  1  0  0  0.0  0.029406 -0.121184   0  0.333 -0.333
       cx6
1667     0
166710   0
166712   0
166714   0
166716   0
166718   0
13866    0
138661   0
138662   0
138663   0
138664   0
13881    0
138811   0
138813   0
138815   0
138817   0
138819   0
15651    0
156511   0
156513   0
156515   0
156519   0
56091    0
56093    0
56095    0

	Proportion of individuals with change in time-varying dummy variables any time:
   x3    x4    x5    x6 
0.107 0.557 0.463 0.280 

	Proportion of observations with change on dep variable: [1] 0.76

	Proportion of individuals with change on dep variable across at least 1 wave: [1] 0.66


@@@@@@@
Descriptives (by wave for comparison)
@@@@@@@

The following objects are masked _by_ .GlobalEnv:

    id, y
           [,1]   [,2]   [,3]   [,4]   [,5]   [,6]
Group.1    6.00   7.00   8.00   9.00  10.00  11.00
id.mn    119.00 140.29 132.34 135.31 146.20 143.05
id.sdev   68.56  82.74  79.50  85.22  84.31  91.71
id.min     1.00   1.00   1.00   1.00   1.00   1.00
id.max   237.00 276.00 286.00 287.00 294.00 300.00
id.n     237.00 222.00 188.00 183.00 158.00 155.00
y.mn       2.53   2.73   2.61   2.80   2.65   2.72
y.sdev     1.12   1.14   1.07   1.07   1.08   1.02
y.min      1.00   1.00   1.00   1.00   1.00   1.00
y.max      5.00   5.00   5.00   5.00   5.00   5.00
y.n      237.00 222.00 188.00 183.00 158.00 155.00
age.mn    -6.00  -4.00  -2.00   0.00   2.00   4.00
age.sdev   0.00   0.00   0.00   0.00   0.00   0.00
age.min   -6.00  -4.00  -2.00   0.00   2.00   4.00
age.max   -6.00  -4.00  -2.00   0.00   2.00   4.00
age.n    237.00 222.00 188.00 183.00 158.00 155.00
z1.mn      0.10  -0.03  -0.04  -0.18   0.18  -0.04
z1.sdev    2.86   2.85   3.04   3.04   2.99   3.20
z1.min   -11.72 -11.72 -11.72 -11.72 -11.72 -11.72
z1.max     4.28   4.28   4.28   4.28   4.28   4.28
z1.n     237.00 222.00 188.00 183.00 158.00 155.00
z2.mn      0.38   0.37   0.39   0.34   0.41   0.37
z2.sdev    0.49   0.48   0.49   0.47   0.49   0.49
z2.min     0.00   0.00   0.00   0.00   0.00   0.00
z2.max     1.00   1.00   1.00   1.00   1.00   1.00
z2.n     237.00 222.00 188.00 183.00 158.00 155.00
z3.mn      0.15   0.17   0.14   0.17   0.15   0.18
z3.sdev    0.36   0.38   0.35   0.38   0.35   0.39
z3.min     0.00   0.00   0.00   0.00   0.00   0.00
z3.max     1.00   1.00   1.00   1.00   1.00   1.00
z3.n     237.00 222.00 188.00 183.00 158.00 155.00
x1.mn     10.56  10.67  10.69  10.69  10.86  10.62
x1.sdev    1.89   1.52   1.58   1.31   0.85   0.92
x1.min     0.00   0.00   0.00   0.00   7.78   6.91
x1.max    13.16  14.00  12.83  15.80  13.22  13.15
x1.n     237.00 222.00 188.00 183.00 158.00 155.00
x2.mn     10.95  11.16  10.88  10.96  11.08  10.68
x2.sdev    4.55   4.37   5.52   5.20   5.14   5.21
x2.min   -11.07 -10.80 -13.82 -12.53 -11.80 -12.31
x2.max    15.55  15.65  15.19  15.27  15.03  14.99
x2.n     237.00 222.00 188.00 183.00 158.00 155.00
x3.mn      0.75   0.76   0.76   0.72   0.71   0.70
x3.sdev    0.43   0.43   0.43   0.45   0.46   0.46
x3.min     0.00   0.00   0.00   0.00   0.00   0.00
x3.max     1.00   1.00   1.00   1.00   1.00   1.00
x3.n     237.00 222.00 188.00 183.00 158.00 155.00
x4.mn      0.13   0.24   0.36   0.48   0.57   0.64
x4.sdev    0.33   0.43   0.48   0.50   0.50   0.48
x4.min     0.00   0.00   0.00   0.00   0.00   0.00
x4.max     1.00   1.00   1.00   1.00   1.00   1.00
x4.n     237.00 222.00 188.00 183.00 158.00 155.00
x5.mn      0.70   0.63   0.48   0.40   0.31   0.26
x5.sdev    0.46   0.48   0.50   0.49   0.46   0.44
x5.min     0.00   0.00   0.00   0.00   0.00   0.00
x5.max     1.00   1.00   1.00   1.00   1.00   1.00
x5.n     237.00 222.00 188.00 183.00 158.00 155.00
x6.mn      0.17   0.14   0.16   0.13   0.12   0.10
x6.sdev    0.38   0.34   0.37   0.33   0.33   0.31
x6.min     0.00   0.00   0.00   0.00   0.00   0.00
x6.max     1.00   1.00   1.00   1.00   1.00   1.00
x6.n     237.00 222.00 188.00 183.00 158.00 155.00
cy.mn     -0.13   0.01  -0.03   0.06   0.08   0.06
cy.sdev    0.60   0.56   0.54   0.52   0.55   0.65
cy.min    -1.67  -2.00  -1.60  -2.00  -1.60  -2.33
cy.max     2.50   2.50   1.67   1.50   2.50   2.50
cy.n     237.00 222.00 188.00 183.00 158.00 155.00
cx1.mn    -0.12   0.04  -0.01   0.08   0.08  -0.05
cx1.sdev   1.10   0.84   1.00   0.73   0.74   0.85
cx1.min   -7.75  -7.31  -7.82  -3.47  -1.82  -3.18
cx1.max    2.73   2.73   4.83   3.45   5.71   5.57
cx1.n    237.00 222.00 188.00 183.00 158.00 155.00
cx2.mn     0.01   0.13  -0.18   0.10   0.01  -0.11
cx2.sdev   2.98   2.85   2.84   2.76   2.30   3.62
cx2.min  -15.93 -16.81 -16.70 -19.30 -14.79 -19.39
cx2.max   16.23   9.92  10.04  13.44   9.88  14.56
cx2.n    237.00 222.00 188.00 183.00 158.00 155.00
cx3.mn     0.01   0.02   0.02   0.00  -0.02  -0.05
cx3.sdev   0.17   0.14   0.11   0.14   0.18   0.17
cx3.min   -0.80  -0.75  -0.40  -0.67  -0.80  -0.80
cx3.max    0.80   0.67   0.60   0.67   0.60   0.00
cx3.n    237.00 222.00 188.00 183.00 158.00 155.00
cx4.mn    -0.23  -0.13  -0.03   0.11   0.19   0.25
cx4.sdev   0.27   0.27   0.28   0.33   0.35   0.36
cx4.min   -0.80  -0.75  -0.75  -0.60  -0.75  -0.75
cx4.max    0.80   0.60   0.80   0.83   0.80   0.83
cx4.n    237.00 222.00 188.00 183.00 158.00 155.00
cx5.mn     0.20   0.13   0.00  -0.09  -0.18  -0.21
cx5.sdev   0.28   0.26   0.26   0.28   0.31   0.33
cx5.min   -0.60  -0.83  -0.60  -0.83  -0.83  -0.83
cx5.max    0.80   0.80   0.80   0.50   0.60   0.80
cx5.n    237.00 222.00 188.00 183.00 158.00 155.00
cx6.mn     0.03   0.00   0.02  -0.02  -0.01  -0.03
cx6.sdev   0.24   0.21   0.24   0.25   0.28   0.27
cx6.min   -0.80  -0.50  -0.60  -0.75  -0.80  -0.83
cx6.max    0.80   0.83   0.80   0.80   0.83   0.83
cx6.n    237.00 222.00 188.00 183.00 158.00 155.00
