		mean	sd	MC_error	val2.5pc	val97.5pc	start	sample
	alpha[1]	1.262	0.4056	0.05175	0.5075	2.109	3000	1000
	alpha[2]	3.938	0.446	0.05042	3.066	4.819	3000	1000
	alpha[3]	3.126	0.4623	0.04601	2.234	4.051	3000	1000
	alpha[4]	3.094	0.4156	0.04344	2.313	3.925	3000	1000
	alpha[5]	1.222	0.4192	0.04895	0.3902	2.057	3000	1000
	alpha[6]	1.746	0.4004	0.04889	0.9977	2.559	3000	1000
	alpha[7]	3.045	0.4159	0.04137	2.225	3.844	3000	1000
	alpha[8]	2.278	0.4742	0.04846	1.353	3.241	3000	1000
	alpha[9]	2.38	0.4187	0.04152	1.562	3.218	3000	1000
	alpha[10]	2.118	0.4213	0.04529	1.341	2.941	3000	1000
	alpha[11]	3.006	0.3937	0.04374	2.233	3.785	3000	1000
	alpha[12]	1.572	0.3842	0.04426	0.8404	2.335	3000	1000
	alpha[13]	2.716	0.384	0.0441	1.901	3.478	3000	1000
	alpha[14]	4.24	0.4076	0.0475	3.451	5.057	3000	1000
	alpha[15]	3.582	0.4744	0.04685	2.656	4.523	3000	1000
	alpha[16]	2.223	0.427	0.04596	1.393	3.056	3000	1000
	alpha[17]	3.722	0.3617	0.04164	3.021	4.464	3000	1000
	alpha[18]	1.063	0.3788	0.04481	0.324	1.773	3000	1000
	alpha[19]	3.184	0.4168	0.04556	2.353	3.977	3000	1000
	alpha[20]	1.168	0.3858	0.04548	0.4539	1.923	3000	1000
	alpha[21]	2.269	0.3826	0.04325	1.5	3.008	3000	1000
	alpha[22]	2.034	0.5406	0.04607	0.9097	3.045	3000	1000
	alpha[23]	3.323	0.411	0.04859	2.549	4.125	3000	1000
	alpha[24]	2.877	0.3762	0.04561	2.186	3.637	3000	1000
	alpha[25]	2.724	0.4286	0.04653	1.877	3.564	3000	1000
	alpha[26]	2.331	0.4149	0.0479	1.576	3.147	3000	1000
	alpha[27]	2.442	0.3653	0.03945	1.762	3.176	3000	1000
	alpha[28]	3.806	0.3987	0.04521	3.041	4.6	3000	1000
	alpha[29]	2.511	0.4095	0.04752	1.712	3.344	3000	1000
	alpha[30]	2.288	0.3944	0.04404	1.53	3.109	3000	1000
	alpha[31]	2.439	0.4187	0.04398	1.626	3.251	3000	1000
	alpha[32]	4.249	0.38	0.03995	3.515	4.967	3000	1000
	alpha[33]	1.46	0.4623	0.04202	0.5127	2.373	3000	1000
	alpha[34]	3.518	0.4189	0.04787	2.703	4.348	3000	1000
	alpha[35]	2.725	0.4196	0.05005	1.94	3.532	3000	1000
	alpha[36]	2.754	0.3828	0.03913	2.024	3.571	3000	1000
	alpha[37]	2.351	0.4623	0.04678	1.461	3.258	3000	1000
	alpha[38]	3.16	0.413	0.0416	2.339	3.953	3000	1000
	alpha[39]	3.525	0.3923	0.04482	2.791	4.299	3000	1000
	alpha[40]	4.002	0.707	0.05551	2.574	5.292	3000	1000
	alpha[41]	3.197	0.4199	0.0467	2.375	4.029	3000	1000
	alpha[42]	2.561	0.3972	0.0451	1.792	3.365	3000	1000
	alpha[43]	1.393	0.5581	0.05023	0.312	2.467	3000	1000
	alpha[44]	2.133	0.4016	0.04691	1.34	2.93	3000	1000
	alpha[45]	2.116	0.384	0.03224	1.389	2.87	3000	1000
	alpha[46]	1.516	0.4173	0.05088	0.723	2.341	3000	1000
	alpha[47]	4.001	0.3848	0.04167	3.261	4.775	3000	1000
	alpha[48]	2.352	0.3796	0.04484	1.613	3.099	3000	1000
	alpha[49]	1.98	0.4254	0.04817	1.16	2.794	3000	1000
	alpha[50]	3.642	0.411	0.04253	2.866	4.457	3000	1000
	alpha[51]	4.965	0.4377	0.03811	4.139	5.844	3000	1000
	alpha[52]	1.81	0.4485	0.04938	0.9368	2.742	3000	1000
	alpha[53]	2.194	0.4322	0.0469	1.334	3.097	3000	1000
	alpha[54]	1.949	0.394	0.04382	1.232	2.76	3000	1000
	alpha[55]	2.975	0.3913	0.04273	2.16	3.722	3000	1000
	alpha[56]	2.649	0.4178	0.04279	1.855	3.501	3000	1000
	alpha[57]	1.908	0.4019	0.05035	1.169	2.73	3000	1000
	alpha[58]	2.903	0.3945	0.0513	2.162	3.701	3000	1000
	alpha[59]	3.168	0.4179	0.0446	2.315	3.966	3000	1000
	alpha[60]	2.232	0.3931	0.04656	1.475	3.069	3000	1000
	alpha[61]	3.269	0.3801	0.03938	2.55	4.012	3000	1000
	alpha[62]	2.577	0.4099	0.0503	1.81	3.421	3000	1000
	alpha[63]	3.16	0.4237	0.0452	2.321	3.998	3000	1000
	alpha[64]	3.378	0.4179	0.04492	2.579	4.211	3000	1000
	alpha[65]	1.877	0.4332	0.04563	1.02	2.758	3000	1000
	alpha[66]	0.933	0.4088	0.04863	0.1112	1.756	3000	1000
	alpha[67]	3.081	0.3942	0.04814	2.357	3.856	3000	1000
	alpha[68]	3.786	0.3788	0.04555	3.061	4.533	3000	1000
	alpha[69]	1.735	0.4	0.04483	0.9623	2.521	3000	1000
	alpha[70]	3.733	0.3833	0.04586	3.02	4.534	3000	1000
	alpha[71]	1.748	0.3918	0.04622	1.0	2.544	3000	1000
	alpha[72]	2.634	0.4719	0.04534	1.654	3.56	3000	1000
	alpha[73]	2.92	0.4506	0.03919	2.026	3.802	3000	1000
	alpha[74]	2.834	0.3926	0.03727	2.096	3.609	3000	1000
	alpha[75]	1.559	0.486	0.05105	0.6295	2.522	3000	1000
	alpha[76]	2.128	0.4676	0.0452	1.24	3.055	3000	1000
	alpha[77]	2.412	0.438	0.04878	1.614	3.368	3000	1000
	alpha[78]	2.471	0.4034	0.0444	1.678	3.287	3000	1000
	alpha[79]	0.9299	0.4842	0.04962	-0.02366	1.952	3000	1000
	alpha[80]	2.52	0.3987	0.04528	1.742	3.315	3000	1000
	alpha[81]	2.687	0.3661	0.03677	1.952	3.394	3000	1000
	alpha[82]	2.486	0.4142	0.04275	1.689	3.376	3000	1000
	alpha[83]	4.449	0.4735	0.04651	3.558	5.441	3000	1000
	alpha[84]	3.159	0.4256	0.04651	2.356	4.023	3000	1000
	alpha[85]	1.124	0.4445	0.05028	0.2495	1.985	3000	1000
	alpha[86]	3.127	0.4073	0.04088	2.311	3.963	3000	1000
	alpha[87]	1.842	0.449	0.04903	1.005	2.767	3000	1000
	alpha[88]	2.171	0.7117	0.04994	0.8393	3.626	3000	1000
	alpha[89]	0.9432	0.4829	0.04954	-0.007634	1.914	3000	1000
	alpha[90]	2.697	0.437	0.04925	1.893	3.639	3000	1000
	alpha[91]	4.132	0.4059	0.04597	3.332	4.905	3000	1000
	alpha[92]	2.61	0.4797	0.04735	1.683	3.58	3000	1000
	alpha[93]	1.55	0.4152	0.04002	0.7951	2.365	3000	1000
	alpha[94]	1.611	0.3776	0.04042	0.8831	2.386	3000	1000
	alpha[95]	3.968	0.5349	0.04721	2.934	5.032	3000	1000
	alpha[96]	1.183	0.4209	0.04327	0.4084	2.053	3000	1000
	alpha[97]	1.868	0.3871	0.04552	1.15	2.661	3000	1000
	alpha[98]	2.487	0.5279	0.04347	1.476	3.509	3000	1000
	alpha[99]	3.171	0.4155	0.0439	2.343	4.006	3000	1000
	alpha[100]	3.697	0.4311	0.04876	2.866	4.559	3000	1000
	alpha[101]	2.299	0.4548	0.04507	1.389	3.178	3000	1000
	alpha[102]	2.618	0.4634	0.04274	1.698	3.479	3000	1000
	alpha[103]	2.475	0.4001	0.04523	1.749	3.285	3000	1000
	alpha[104]	0.9867	0.5457	0.05237	-0.06597	2.094	3000	1000
	alpha[105]	2.571	0.3946	0.04731	1.797	3.39	3000	1000
	alpha[106]	1.672	0.4353	0.0477	0.8055	2.598	3000	1000
	alpha[107]	2.332	0.3914	0.04787	1.593	3.124	3000	1000
	alpha[108]	3.878	0.4052	0.04582	3.095	4.692	3000	1000
	alpha[109]	3.147	0.4238	0.04412	2.343	3.984	3000	1000
	alpha[110]	2.64	0.4073	0.04627	1.873	3.458	3000	1000
	alpha[111]	3.13	0.7039	0.0369	1.835	4.569	3000	1000
	alpha[112]	3.456	0.4317	0.04855	2.599	4.345	3000	1000
	alpha[113]	1.181	0.427	0.04559	0.3759	2.051	3000	1000
	alpha[114]	1.612	0.4703	0.04707	0.7193	2.592	3000	1000
	alpha[115]	1.227	0.4224	0.04603	0.3675	2.038	3000	1000
	alpha[116]	1.101	0.4784	0.04685	0.2332	2.092	3000	1000
	alpha[117]	2.122	0.4443	0.04896	1.239	3.008	3000	1000
	alpha[118]	1.913	0.3787	0.04432	1.19	2.696	3000	1000
	alpha[119]	4.017	0.5758	0.05727	2.918	5.144	3000	1000
	alpha[120]	2.672	0.4639	0.04426	1.765	3.577	3000	1000
	alpha[121]	3.697	0.4438	0.04944	2.807	4.573	3000	1000
	alpha[122]	1.152	0.7259	0.0559	-0.3066	2.556	3000	1000
	alpha[123]	2.284	0.4236	0.05078	1.497	3.134	3000	1000
	alpha[124]	1.23	0.3946	0.04686	0.472	2.019	3000	1000
	alpha[125]	1.627	0.381	0.04037	0.8676	2.394	3000	1000
	alpha[126]	2.536	0.4605	0.04371	1.633	3.436	3000	1000
	alpha[127]	1.92	0.4119	0.05255	1.124	2.761	3000	1000
	alpha[128]	2.617	0.4032	0.04259	1.843	3.388	3000	1000
	alpha[129]	3.33	0.4167	0.04355	2.547	4.191	3000	1000
	alpha[130]	2.865	0.4142	0.0463	2.057	3.719	3000	1000
	alpha[131]	2.66	0.4627	0.04023	1.753	3.575	3000	1000
	alpha[132]	2.041	0.729	0.05393	0.6061	3.488	3000	1000
	alpha[133]	0.9533	0.4185	0.05005	0.1789	1.792	3000	1000
	alpha[134]	1.854	0.4282	0.04665	0.9583	2.715	3000	1000
	alpha[135]	2.789	0.4282	0.04415	1.928	3.614	3000	1000
	alpha[136]	0.9708	0.4574	0.05235	0.07113	1.936	3000	1000
	alpha[137]	3.169	0.3471	0.03366	2.477	3.871	3000	1000
	alpha[138]	1.423	0.4386	0.04151	0.5549	2.262	3000	1000
	alpha[139]	2.289	0.3907	0.04461	1.544	3.033	3000	1000
	alpha[140]	1.676	0.3864	0.04268	0.9291	2.524	3000	1000
	alpha[141]	4.131	0.4625	0.0465	3.27	5.049	3000	1000
	alpha[142]	2.915	0.5464	0.05174	1.883	4.014	3000	1000
	alpha[143]	1.873	0.3806	0.04029	1.145	2.565	3000	1000
	alpha[144]	1.529	0.3812	0.04578	0.7559	2.274	3000	1000
	alpha[145]	3.359	0.3835	0.0324	2.622	4.115	3000	1000
	alpha[146]	4.851	0.4068	0.02385	4.062	5.636	3000	1000
	alpha[147]	2.891	0.3716	0.04003	2.21	3.665	3000	1000
	alpha[148]	1.732	0.4143	0.04851	0.9459	2.601	3000	1000
	alpha[149]	2.565	0.3908	0.04652	1.813	3.348	3000	1000
	alpha[150]	3.156	0.3742	0.04384	2.425	3.93	3000	1000
	alpha[151]	1.992	0.722	0.05025	0.587	3.398	3000	1000
	alpha[152]	1.912	0.4047	0.04971	1.116	2.745	3000	1000
	alpha[153]	2.21	0.4068	0.04109	1.429	3.053	3000	1000
	alpha[154]	2.605	0.4765	0.04472	1.628	3.514	3000	1000
	alpha[155]	2.703	0.4093	0.03873	1.926	3.499	3000	1000
	alpha[156]	2.716	0.4199	0.04978	1.877	3.55	3000	1000
	alpha[157]	2.778	0.4181	0.04943	1.979	3.585	3000	1000
	alpha[158]	2.588	0.4002	0.04954	1.84	3.399	3000	1000
	alpha[159]	1.839	0.3912	0.04393	1.134	2.639	3000	1000
	alpha[160]	1.577	0.3965	0.04821	0.8073	2.381	3000	1000
	alpha[161]	4.632	0.4128	0.03276	3.817	5.423	3000	1000
	alpha[162]	2.442	0.422	0.04753	1.633	3.266	3000	1000
	alpha[163]	3.603	0.3271	0.02059	2.966	4.261	3000	1000
	alpha[164]	2.93	0.4254	0.04526	2.128	3.809	3000	1000
	alpha[165]	1.964	0.4662	0.04715	1.064	2.947	3000	1000
	alpha[166]	3.901	0.3868	0.04483	3.085	4.674	3000	1000
	alpha[167]	2.34	0.3947	0.03744	1.534	3.123	3000	1000
	alpha[168]	2.686	0.3744	0.03977	1.978	3.457	3000	1000
	alpha[169]	3.897	0.5402	0.04304	2.831	4.927	3000	1000
	alpha[170]	3.845	0.3938	0.04457	3.075	4.637	3000	1000
	alpha[171]	3.636	0.4879	0.05023	2.684	4.605	3000	1000
	alpha[172]	1.691	0.3873	0.04432	0.9413	2.493	3000	1000
	alpha[173]	3.481	0.4007	0.04642	2.719	4.349	3000	1000
	alpha[174]	1.81	0.44	0.04744	0.9195	2.638	3000	1000
	alpha[175]	3.506	0.425	0.02517	2.721	4.323	3000	1000
	alpha[176]	2.231	0.3877	0.03553	1.471	3.018	3000	1000
	alpha[177]	4.013	0.4602	0.04541	3.092	4.91	3000	1000
	alpha[178]	3.576	0.3779	0.03362	2.88	4.307	3000	1000
	alpha[179]	3.075	0.3989	0.04463	2.3	3.852	3000	1000
	alpha[180]	4.059	0.4263	0.04271	3.266	4.888	3000	1000
	alpha[181]	3.051	0.3951	0.0416	2.291	3.834	3000	1000
	alpha[182]	3.478	0.5391	0.04799	2.35	4.506	3000	1000
	alpha[183]	2.941	0.4314	0.04629	2.142	3.776	3000	1000
	alpha[184]	2.744	0.4185	0.04236	1.915	3.57	3000	1000
	alpha[185]	3.476	0.3776	0.04017	2.719	4.206	3000	1000
	alpha[186]	0.9291	0.3971	0.0456	0.1833	1.698	3000	1000
	alpha[187]	1.713	0.4483	0.05098	0.8394	2.569	3000	1000
	alpha[188]	1.745	0.4039	0.05105	0.947	2.519	3000	1000
	alpha[189]	1.405	0.3871	0.04658	0.6671	2.198	3000	1000
	alpha[190]	2.923	0.4438	0.05032	2.047	3.748	3000	1000
	alpha[191]	2.965	0.4409	0.05105	2.118	3.829	3000	1000
	alpha[192]	3.373	0.4178	0.04408	2.569	4.209	3000	1000
	alpha[193]	1.444	0.3987	0.04512	0.6864	2.267	3000	1000
	alpha[194]	2.902	0.3946	0.04302	2.153	3.698	3000	1000
	alpha[195]	3.565	0.3952	0.04792	2.805	4.342	3000	1000
	alpha[196]	1.414	0.4245	0.04773	0.5559	2.288	3000	1000
	alpha[197]	1.112	0.4218	0.03544	0.2611	1.937	3000	1000
	alpha[198]	1.539	0.5378	0.04154	0.4778	2.589	3000	1000
	alpha[199]	2.954	0.4207	0.04525	2.103	3.767	3000	1000
	alpha[200]	0.9473	0.4276	0.04689	0.1307	1.765	3000	1000
	alpha[201]	1.19	0.6991	0.04576	-0.1909	2.54	3000	1000
	alpha[202]	2.262	0.3818	0.04685	1.554	3.018	3000	1000
	alpha[203]	2.057	0.3834	0.04579	1.335	2.844	3000	1000
	alpha[204]	3.558	0.4103	0.0424	2.8	4.353	3000	1000
	alpha[205]	3.331	0.3776	0.0396	2.599	4.06	3000	1000
	alpha[206]	2.925	0.5392	0.04878	1.908	4.0	3000	1000
	alpha[207]	2.008	0.5467	0.05191	0.9028	3.087	3000	1000
	alpha[208]	2.501	0.5683	0.05303	1.411	3.589	3000	1000
	alpha[209]	2.601	0.3961	0.03876	1.814	3.411	3000	1000
	alpha[210]	2.456	0.3987	0.04295	1.661	3.263	3000	1000
	alpha[211]	1.074	0.3627	0.03937	0.3755	1.791	3000	1000
	alpha[212]	3.73	0.4388	0.03849	2.895	4.675	3000	1000
	alpha[213]	0.9024	0.4174	0.05153	0.134	1.762	3000	1000
	alpha[214]	3.147	0.4426	0.04811	2.26	4.029	3000	1000
	alpha[215]	1.98	0.4779	0.04721	1.078	2.942	3000	1000
	alpha[216]	2.968	0.4168	0.04503	2.121	3.768	3000	1000
	alpha[217]	3.618	0.4423	0.04197	2.719	4.488	3000	1000
	alpha[218]	2.836	0.7598	0.0441	1.355	4.417	3000	1000
	alpha[219]	3.658	0.4215	0.04407	2.872	4.513	3000	1000
	alpha[220]	4.968	0.6934	0.03807	3.666	6.387	3000	1000
	alpha[221]	2.788	0.4471	0.0397	1.919	3.68	3000	1000
	alpha[222]	1.439	0.4252	0.04779	0.6207	2.262	3000	1000
	alpha[223]	2.295	0.4827	0.04997	1.377	3.22	3000	1000
	alpha[224]	4.194	0.4125	0.04035	3.437	5.011	3000	1000
	alpha[225]	4.016	0.3782	0.03847	3.27	4.78	3000	1000
	alpha[226]	4.615	0.3875	0.03339	3.891	5.369	3000	1000
	alpha[227]	2.696	0.4171	0.04757	1.907	3.519	3000	1000
	alpha[228]	2.862	0.4073	0.04129	2.016	3.62	3000	1000
	alpha[229]	2.875	0.4122	0.04051	2.069	3.714	3000	1000
	alpha[230]	2.118	0.4541	0.04379	1.244	3.02	3000	1000
	alpha[231]	1.329	0.3861	0.04278	0.5987	2.086	3000	1000
	alpha[232]	5.029	0.6984	0.03945	3.657	6.373	3000	1000
	alpha[233]	3.733	0.4593	0.04684	2.837	4.601	3000	1000
	alpha[234]	4.521	0.4958	0.03664	3.586	5.535	3000	1000
	alpha[235]	2.386	0.413	0.04722	1.589	3.176	3000	1000
	alpha[236]	2.247	0.4067	0.04304	1.489	3.037	3000	1000
	alpha[237]	2.512	0.4121	0.04228	1.722	3.307	3000	1000
	alpha[238]	3.401	0.405	0.04019	2.648	4.21	3000	1000
	alpha[239]	4.219	0.6665	0.02461	2.977	5.502	3000	1000
	alpha[240]	1.97	0.5293	0.03908	0.9814	2.992	3000	1000
	alpha[241]	2.47	0.4333	0.04663	1.663	3.351	3000	1000
	alpha[242]	1.232	0.4689	0.04492	0.3351	2.193	3000	1000
	alpha[243]	0.9155	0.4652	0.04747	0.03267	1.888	3000	1000
	alpha[244]	4.119	0.7304	0.04348	2.694	5.556	3000	1000
	alpha[245]	3.718	0.4591	0.04291	2.811	4.613	3000	1000
	alpha[246]	3.467	0.5597	0.05167	2.412	4.535	3000	1000
	alpha[247]	2.868	0.3836	0.03737	2.152	3.666	3000	1000
	alpha[248]	1.896	0.4557	0.04278	1.047	2.787	3000	1000
	alpha[249]	2.566	0.4824	0.05067	1.677	3.536	3000	1000
	alpha[250]	2.926	0.4484	0.04286	2.105	3.805	3000	1000
	alpha[251]	2.979	0.7093	0.04867	1.567	4.427	3000	1000
	alpha[252]	3.529	0.4009	0.03832	2.765	4.307	3000	1000
	alpha[253]	1.916	0.4901	0.05008	0.9379	2.847	3000	1000
	alpha[254]	4.925	0.7165	0.04239	3.578	6.312	3000	1000
	alpha[255]	2.576	0.4724	0.04884	1.67	3.485	3000	1000
	alpha[256]	1.188	0.469	0.04832	0.284	2.09	3000	1000
	alpha[257]	1.06	0.455	0.05127	0.1922	2.006	3000	1000
	alpha[258]	2.824	0.4777	0.04875	1.903	3.771	3000	1000
	alpha[259]	4.36	0.3784	0.03109	3.657	5.093	3000	1000
	alpha[260]	2.053	0.4515	0.03914	1.206	2.923	3000	1000
	alpha[261]	2.992	0.7109	0.05054	1.658	4.344	3000	1000
	alpha[262]	2.157	0.4549	0.04117	1.279	3.048	3000	1000
	alpha[263]	2.927	0.5491	0.04478	1.889	4.047	3000	1000
	alpha[264]	4.994	0.6684	0.03027	3.641	6.219	3000	1000
	alpha[265]	3.796	0.3839	0.04066	3.087	4.545	3000	1000
	alpha[266]	2.574	0.4731	0.04551	1.616	3.491	3000	1000
	alpha[267]	4.067	0.4189	0.04394	3.246	4.869	3000	1000
	alpha[268]	3.591	0.466	0.04402	2.666	4.536	3000	1000
	alpha[269]	1.089	0.5387	0.04037	0.05781	2.185	3000	1000
	alpha[270]	3.586	0.4639	0.04242	2.67	4.496	3000	1000
	alpha[271]	4.904	0.5148	0.04044	3.875	5.917	3000	1000
	alpha[272]	2.896	0.4546	0.04269	2.008	3.789	3000	1000
	alpha[273]	4.34	0.5453	0.04444	3.303	5.393	3000	1000
	alpha[274]	1.225	0.4611	0.04654	0.3662	2.183	3000	1000
	alpha[275]	3.218	0.4713	0.04414	2.352	4.253	3000	1000
	alpha[276]	4.369	0.408	0.03849	3.527	5.158	3000	1000
	alpha[277]	1.423	0.5296	0.04513	0.3755	2.486	3000	1000
	alpha[278]	1.045	0.5475	0.05233	-0.02939	2.067	3000	1000
	alpha[279]	2.964	0.7234	0.04779	1.631	4.359	3000	1000
	alpha[280]	3.444	0.3813	0.0303	2.708	4.2	3000	1000
	alpha[281]	2.059	0.5374	0.05032	1.064	3.164	3000	1000
	alpha[282]	0.8688	0.5529	0.04674	-0.2247	1.992	3000	1000
	alpha[283]	3.983	0.3868	0.03452	3.221	4.763	3000	1000
	alpha[284]	2.559	0.5312	0.04886	1.557	3.596	3000	1000
	alpha[285]	3.902	0.5346	0.04011	2.92	4.959	3000	1000
	alpha[286]	4.263	0.5264	0.03881	3.256	5.334	3000	1000
	alpha[287]	2.931	0.7271	0.04882	1.535	4.401	3000	1000
	alpha[288]	2.024	0.7276	0.05135	0.6761	3.453	3000	1000
	alpha[289]	4.949	0.7411	0.04729	3.539	6.392	3000	1000
	alpha[290]	1.889	0.5193	0.03637	0.9057	2.959	3000	1000
	alpha[291]	1.806	0.5614	0.05618	0.7286	2.95	3000	1000
	alpha[292]	3.807	0.5433	0.04661	2.704	4.849	3000	1000
	alpha[293]	3.829	0.7192	0.04361	2.461	5.285	3000	1000
	alpha[294]	2.842	0.5702	0.0533	1.763	3.978	3000	1000
	alpha[295]	1.942	0.6853	0.04477	0.6383	3.276	3000	1000
	alpha[296]	1.964	0.7245	0.04579	0.5868	3.321	3000	1000
	alpha[297]	2.797	0.6962	0.04158	1.39	4.174	3000	1000
	alpha[298]	2.805	0.7291	0.05313	1.387	4.19	3000	1000
	alpha[299]	1.931	0.7168	0.051	0.5445	3.243	3000	1000
	alpha[300]	3.76	0.7474	0.05232	2.224	5.212	3000	1000
