3000	0.006559
3002	0.006696
3004	0.00492
3006	0.005678
3008	0.01716
3010	0.01438
3012	0.009894
3014	0.01414
3016	0.01428
3018	0.01291
3020	0.02138
3022	0.02005
3024	0.01364
3026	0.01301
3028	0.01714
3030	0.01961
3032	0.01408
3034	0.01947
3036	0.02224
3038	0.02869
3040	0.02436
3042	0.02442
3044	0.02384
3046	0.02088
3048	0.02374
3050	0.02157
3052	0.01407
3054	0.01229
3056	0.009423
3058	0.01204
3060	0.007983
3062	0.01012
3064	0.001048
3066	0.005744
3068	-0.002495
3070	-4.665E-4
3072	-7.717E-4
3074	-1.469E-5
3076	0.003881
3078	0.004759
3080	0.003605
3082	-0.00224
3084	0.001709
3086	0.002445
3088	0.002192
3090	0.001979
3092	-0.004425
3094	-0.003309
3096	-0.001449
3098	0.002584
3100	-0.002395
3102	-0.001457
3104	-0.001809
3106	-0.004655
3108	-0.004982
3110	-0.006219
3112	-0.008597
3114	-0.01452
3116	-0.01215
3118	-0.009577
3120	-0.01105
3122	-0.00382
3124	0.004198
3126	0.005521
3128	0.003593
3130	0.003215
3132	0.003266
3134	0.006516
3136	0.004691
3138	0.009578
3140	0.00693
3142	0.01228
3144	0.01396
3146	0.01255
3148	0.003368
3150	0.002192
3152	-0.003446
3154	-0.007865
3156	-0.004966
3158	0.001313
3160	0.003777
3162	0.005324
3164	0.004253
3166	0.003578
3168	-0.001921
3170	0.006628
3172	0.008321
3174	0.01018
3176	0.01397
3178	0.01371
3180	0.01423
3182	0.008493
3184	0.00764
3186	0.01292
3188	0.0152
3190	0.01353
3192	0.01176
3194	0.02029
3196	0.02779
3198	0.0275
3200	0.02747
3202	0.02972
3204	0.03448
3206	0.03247
3208	0.04006
3210	0.04367
3212	0.04788
3214	0.04972
3216	0.05033
3218	0.04672
3220	0.04594
3222	0.04216
3224	0.03412
3226	0.03996
3228	0.04173
3230	0.04108
3232	0.04156
3234	0.03846
3236	0.04034
3238	0.04086
3240	0.03848
3242	0.03756
3244	0.03757
3246	0.04311
3248	0.04669
3250	0.04748
3252	0.04559
3254	0.04509
3256	0.04265
3258	0.03731
3260	0.03745
3262	0.03638
3264	0.04034
3266	0.03868
3268	0.04047
3270	0.04203
3272	0.04362
3274	0.04096
3276	0.04696
3278	0.04073
3280	0.0394
3282	0.0398
3284	0.04225
3286	0.03376
3288	0.0331
3290	0.03921
3292	0.0374
3294	0.03556
3296	0.04125
3298	0.03927
3300	0.03935
3302	0.04141
3304	0.04184
3306	0.03684
3308	0.03601
3310	0.04364
3312	0.04308
3314	0.04708
3316	0.04593
3318	0.05006
3320	0.04731
3322	0.04452
3324	0.04184
3326	0.04273
3328	0.04593
3330	0.04959
3332	0.05482
3334	0.05369
3336	0.05273
3338	0.05081
3340	0.04571
3342	0.04482
3344	0.05004
3346	0.05558
3348	0.05514
3350	0.05516
3352	0.04727
3354	0.04055
3356	0.0429
3358	0.04328
3360	0.03607
3362	0.03403
3364	0.03355
3366	0.0242
3368	0.02578
3370	0.02513
3372	0.02682
3374	0.02823
3376	0.03142
3378	0.03057
3380	0.02901
3382	0.03252
3384	0.03389
3386	0.03835
3388	0.03853
3390	0.03576
3392	0.03803
3394	0.03276
3396	0.03205
3398	0.03265
3400	0.03419
3402	0.03278
3404	0.02613
3406	0.02495
3408	0.02617
3410	0.02274
3412	0.02529
3414	0.02137
3416	0.01848
3418	0.02318
3420	0.02441
3422	0.01817
3424	0.02052
3426	0.01882
3428	0.01834
3430	0.01717
3432	0.02557
3434	0.01683
3436	0.01433
3438	0.01212
3440	0.01512
3442	0.0218
3444	0.01998
3446	0.02481
3448	0.02596
3450	0.02115
3452	0.02569
3454	0.02154
3456	0.02332
3458	0.02217
3460	0.01878
3462	0.02356
3464	0.02974
3466	0.02862
3468	0.02786
3470	0.02159
3472	0.0175
3474	0.01842
3476	0.01615
3478	0.0111
3480	0.0162
3482	0.01509
3484	0.01191
3486	0.008705
3488	0.00675
3490	0.006444
3492	-0.003637
3494	-0.005314
3496	-0.001943
3498	-0.004055
3500	-3.995E-4
3502	3.993E-4
3504	0.002784
3506	0.006646
3508	0.007584
3510	3.602E-4
3512	0.001194
3514	0.00379
3516	-1.985E-4
3518	2.239E-4
3520	-0.004981
3522	-0.003942
3524	-0.008189
3526	-0.008044
3528	-0.00573
3530	-0.006086
3532	-0.005822
3534	-0.01267
3536	-0.01686
3538	-0.01795
3540	-0.01816
3542	-0.01209
3544	-0.01197
3546	-0.01288
3548	-0.01356
3550	-0.01615
3552	-0.01309
3554	-0.009185
3556	-0.01147
3558	-0.009753
3560	-0.01614
3562	-0.01002
3564	-0.008518
3566	-0.0151
3568	-0.02076
3570	-0.0194
3572	-0.01341
3574	-0.01423
3576	-0.01724
3578	-0.02157
3580	-0.02355
3582	-0.02283
3584	-0.01963
3586	-0.02197
3588	-0.02669
3590	-0.02891
3592	-0.0245
3594	-0.02283
3596	-0.02726
3598	-0.02887
3600	-0.02636
3602	-0.02718
3604	-0.03035
3606	-0.0295
3608	-0.02394
3610	-0.02372
3612	-0.02354
3614	-0.02128
3616	-0.01907
3618	-0.02226
3620	-0.0253
3622	-0.02698
3624	-0.03436
3626	-0.03225
3628	-0.03981
3630	-0.04081
3632	-0.03901
3634	-0.03697
3636	-0.03666
3638	-0.03952
3640	-0.03141
3642	-0.03088
3644	-0.0373
3646	-0.03511
3648	-0.03225
3650	-0.0375
3652	-0.02626
3654	-0.02977
3656	-0.03083
3658	-0.02559
3660	-0.03011
3662	-0.02876
3664	-0.02629
3666	-0.03028
3668	-0.02927
3670	-0.02209
3672	-0.02111
3674	-0.01464
3676	-0.01842
3678	-0.01975
3680	-0.01592
3682	-0.01851
3684	-0.01468
3686	-0.01013
3688	-0.0131
3690	-0.01787
3692	-0.01801
3694	-0.01707
3696	-0.01352
3698	-0.01385
3700	-0.01527
3702	-0.008514
3704	-0.01435
3706	-0.007341
3708	-4.134E-5
3710	9.023E-4
3712	-0.002247
3714	7.871E-4
3716	0.002379
3718	0.005546
3720	0.003716
3722	0.003001
3724	0.004022
3726	0.002918
3728	0.003332
3730	0.009666
3732	0.01335
3734	0.008132
3736	0.002438
3738	8.566E-4
3740	0.006908
3742	0.008639
3744	0.01237
3746	0.01711
3748	0.01506
3750	0.01585
3752	0.01797
3754	0.01512
3756	0.01323
3758	0.008038
3760	0.005447
3762	0.001928
3764	0.002773
3766	4.712E-4
3768	-0.00168
3770	2.69E-4
3772	0.001427
3774	0.009931
3776	0.008244
3778	0.007889
3780	0.01631
3782	0.01591
3784	0.01386
3786	0.01328
3788	0.01406
3790	0.01605
3792	0.02012
3794	0.02384
3796	0.02061
3798	0.0136
3800	0.0119
3802	0.00779
3804	0.006166
3806	0.006685
3808	0.007017
3810	0.007521
3812	0.008545
3814	0.007048
3816	0.005809
3818	0.005704
3820	0.006677
3822	0.005984
3824	0.006872
3826	0.007426
3828	0.006191
3830	0.003958
3832	0.00354
3834	0.004138
3836	0.007968
3838	0.01397
3840	0.01627
3842	0.02601
3844	0.02527
3846	0.02237
3848	0.02257
3850	0.01849
3852	0.02104
3854	0.01608
3856	0.01669
3858	0.01403
3860	0.01486
3862	0.01392
3864	0.01908
3866	0.01641
3868	0.01909
3870	0.01982
3872	0.01567
3874	0.01328
3876	0.01282
3878	0.01018
3880	0.01118
3882	0.008256
3884	0.007812
3886	0.001751
3888	-0.001075
3890	0.004593
3892	0.001592
3894	0.004575
3896	-0.002499
3898	-0.006526
3900	-0.008722
3902	-0.004485
3904	-0.01044
3906	-0.008218
3908	-0.003339
3910	-0.003891
3912	-0.006795
3914	-0.00718
3916	-0.008086
3918	-0.006033
3920	-0.01182
3922	-0.01244
3924	-0.01746
3926	-0.0193
3928	-0.02052
3930	-0.02142
3932	-0.02236
3934	-0.01737
3936	-0.01885
3938	-0.02515
3940	-0.0236
3942	-0.01847
3944	-0.02242
3946	-0.01269
3948	-0.01749
3950	-0.01587
3952	-0.01103
3954	-0.01087
3956	-0.01092
3958	-0.01372
3960	-0.009868
3962	-0.01396
3964	-0.02134
3966	-0.01717
3968	-0.01424
3970	-0.01847
3972	-0.01963
3974	-0.02396
3976	-0.02027
3978	-0.02083
3980	-0.02022
3982	-0.02274
3984	-0.02231
3986	-0.02804
3988	-0.03345
3990	-0.03158
3992	-0.03108
3994	-0.02936
3996	-0.02969
3998	-0.03078
4000	-0.0272
4002	-0.02747
4004	-0.02749
4006	-0.0239
4008	-0.02471
4010	-0.02666
4012	-0.02535
4014	-0.03381
4016	-0.03451
4018	-0.03711
4020	-0.04498
4022	-0.04331
4024	-0.04363
4026	-0.0472
4028	-0.04328
4030	-0.04485
4032	-0.04379
4034	-0.04495
4036	-0.047
4038	-0.04196
4040	-0.04725
4042	-0.04977
4044	-0.04918
4046	-0.05143
4048	-0.05117
4050	-0.05535
4052	-0.05427
4054	-0.05361
4056	-0.04829
4058	-0.0456
4060	-0.04332
4062	-0.04511
4064	-0.0458
4066	-0.04399
4068	-0.03847
4070	-0.03861
4072	-0.03597
4074	-0.03065
4076	-0.0301
4078	-0.03325
4080	-0.03102
4082	-0.03415
4084	-0.02473
4086	-0.02609
4088	-0.02558
4090	-0.02654
4092	-0.03063
4094	-0.02842
4096	-0.02743
4098	-0.0276
4100	-0.02935
4102	-0.02175
4104	-0.01503
4106	-0.02066
4108	-0.01786
4110	-0.01358
4112	-0.01511
4114	-0.008014
4116	-0.005885
4118	3.609E-5
4120	-0.002826
4122	-2.993E-4
4124	-0.004952
4126	-0.002135
4128	-0.00125
4130	0.001037
4132	-0.001695
4134	0.004386
4136	0.002768
4138	-0.00501
4140	-0.001856
4142	-0.001847
4144	-0.002017
4146	-0.003288
4148	-0.002502
4150	-0.002439
4152	-2.594E-4
4154	-0.001067
4156	-0.006804
4158	-0.01143
4160	-0.0112
4162	-0.007344
4164	-0.006859
4166	-0.009876
4168	-0.008105
4170	-0.01003
4172	-0.01369
4174	-0.01873
4176	-0.02214
4178	-0.01795
4180	-0.02044
4182	-0.01746
4184	-0.0169
4186	-0.01364
4188	-0.01536
4190	-0.008126
4192	-0.01444
4194	-0.01304
4196	-0.01003
4198	-0.01152
4200	-0.01402
4202	-0.0172
4204	-0.01822
4206	-0.01141
4208	-0.006072
4210	-0.004699
4212	-0.01097
4214	-0.01327
4216	-0.01371
4218	-0.01433
4220	-0.009592
4222	-0.01108
4224	-0.009419
4226	-0.01378
4228	-0.0121
4230	-0.004561
4232	-0.006267
4234	4.211E-4
4236	0.00827
4238	0.002058
4240	-0.007048
4242	-0.00533
4244	-0.0088
4246	-0.009711
4248	-0.01148
4250	-0.01769
4252	-0.01436
4254	-0.01727
4256	-0.01176
4258	-0.01038
4260	-0.003458
4262	-0.002792
4264	9.027E-5
4266	-0.004731
4268	-0.002462
4270	-5.308E-4
4272	-0.005086
4274	-0.004796
4276	-0.005095
4278	0.005421
4280	0.004085
4282	0.007825
4284	0.005434
4286	0.008537
4288	0.006035
4290	0.005959
4292	0.002194
4294	0.004729
4296	0.007685
4298	0.01096
4300	0.004846
4302	-0.001885
4304	0.002006
4306	0.005505
4308	0.001333
4310	0.006106
4312	0.007372
4314	0.007281
4316	0.0103
4318	0.006793
4320	0.01293
4322	0.01259
4324	0.01257
4326	0.009965
4328	0.007585
4330	0.009597
4332	0.01572
4334	0.0115
4336	0.01535
4338	0.01956
4340	0.0199
4342	0.02003
4344	0.01289
4346	0.007607
4348	0.007166
4350	-9.543E-4
4352	0.005254
4354	0.00487
4356	0.003104
4358	0.008243
4360	0.005747
4362	0.004208
4364	0.006582
4366	0.01535
4368	0.01852
4370	0.01697
4372	0.01243
4374	0.009229
4376	0.01325
4378	0.01303
4380	0.004769
4382	0.002373
4384	0.002091
4386	0.004532
4388	0.006117
4390	0.004122
4392	9.979E-4
4394	6.953E-4
4396	0.001952
4398	0.005198
4400	0.00721
4402	0.00618
4404	0.006966
4406	0.01012
4408	0.003995
4410	2.708E-4
4412	-0.008841
4414	-0.01124
4416	-0.006987
4418	-0.002586
4420	-0.003247
4422	-0.00172
4424	-0.002009
4426	9.229E-4
4428	-3.395E-4
4430	-0.002957
4432	-0.004338
4434	-0.002596
4436	0.002072
4438	0.0081
4440	0.008655
4442	0.005716
4444	0.008821
4446	0.01172
4448	0.01353
4450	0.0138
4452	0.01174
4454	0.004171
4456	0.005493
4458	0.002907
4460	0.005655
4462	0.003737
4464	0.005012
4466	0.005299
4468	0.003848
4470	0.005529
4472	0.01006
4474	-2.767E-4
4476	-0.003849
4478	0.001888
4480	0.003945
4482	0.008252
4484	0.00569
4486	0.001202
4488	0.002357
4490	-0.00343
4492	-0.007527
4494	-0.004257
4496	-0.005689
4498	-0.00248
4500	-0.005347
4502	-0.004886
4504	2.962E-4
4506	-0.002164
4508	-0.007503
4510	-0.004805
4512	-0.01275
4514	-0.01565
4516	-0.01503
4518	-0.01759
4520	-0.02343
4522	-0.02543
4524	-0.02441
4526	-0.02634
4528	-0.02358
4530	-0.02177
4532	-0.02372
4534	-0.02515
4536	-0.02262
4538	-0.02294
4540	-0.0239
4542	-0.0206
4544	-0.01868
4546	-0.01866
4548	-0.02351
4550	-0.02535
4552	-0.02447
4554	-0.02668
4556	-0.02828
4558	-0.01916
4560	-0.02292
4562	-0.01926
4564	-0.01733
4566	-0.01968
4568	-0.01795
4570	-0.0172
4572	-0.02029
4574	-0.01633
4576	-0.01242
4578	-0.01512
4580	-0.01458
4582	-0.01364
4584	-0.009757
4586	-0.00748
4588	-0.003954
4590	-0.006098
4592	-0.009272
4594	-0.005696
4596	-0.005434
4598	-0.008461
4600	-0.01143
4602	-0.01052
4604	-0.009459
4606	-0.009362
4608	-0.004383
4610	-0.003839
4612	-0.00892
4614	-0.002466
4616	0.00423
4618	9.218E-4
4620	0.006129
4622	0.005727
4624	0.002467
4626	0.005094
4628	0.005965
4630	0.01131
4632	0.01168
4634	0.01266
4636	0.01802
4638	0.01758
4640	0.02107
4642	0.01854
4644	0.015
4646	0.01746
4648	0.01639
4650	0.02052
4652	0.02149
4654	0.02533
4656	0.02638
4658	0.02685
4660	0.0283
4662	0.03021
4664	0.03495
4666	0.03014
4668	0.02731
4670	0.02533
4672	0.0201
4674	0.01481
4676	0.01264
4678	0.01102
4680	0.01146
4682	0.009403
4684	0.01624
4686	0.01837
4688	0.0125
4690	0.02068
4692	0.02488
4694	0.02805
4696	0.03441
4698	0.02523
4700	0.02386
4702	0.02858
4704	0.02686
4706	0.02958
4708	0.02669
4710	0.0263
4712	0.02538
4714	0.02317
4716	0.02444
4718	0.02245
4720	0.02216
4722	0.02693
4724	0.03226
4726	0.03222
4728	0.03694
4730	0.03997
4732	0.03648
4734	0.03524
4736	0.03059
4738	0.03671
4740	0.03876
4742	0.03998
4744	0.04114
4746	0.03486
4748	0.02999
4750	0.02833
4752	0.02866
4754	0.03143
4756	0.03215
4758	0.03755
4760	0.0388
4762	0.03607
4764	0.02971
4766	0.02996
4768	0.03295
4770	0.03245
4772	0.02854
4774	0.03057
4776	0.0323
4778	0.03312
4780	0.03127
4782	0.03403
4784	0.03416
4786	0.04226
4788	0.03751
4790	0.03288
4792	0.03563
4794	0.03065
4796	0.03741
4798	0.03144
4800	0.03702
4802	0.03403
4804	0.02929
4806	0.02715
4808	0.02021
4810	0.01349
4812	0.009651
4814	0.01387
4816	0.01643
4818	0.02062
4820	0.01628
4822	0.009261
4824	0.008765
4826	0.006145
4828	-0.002318
4830	5.645E-4
4832	7.514E-4
4834	0.001318
4836	0.002695
4838	0.002426
4840	0.007693
4842	0.005757
4844	0.005749
4846	5.818E-4
4848	-0.00211
4850	0.004406
4852	0.003924
4854	0.00809
4856	0.008404
4858	0.006916
4860	0.004885
4862	0.004512
4864	0.001109
4866	0.001642
4868	0.003403
4870	-0.003496
4872	-0.004873
4874	0.001437
4876	0.001365
4878	-0.006528
4880	-3.623E-4
4882	-7.346E-5
4884	-0.006683
4886	-0.008467
4888	-0.007979
4890	-0.003166
4892	-0.004088
4894	0.001143
4896	-0.002437
4898	-0.001507
4900	7.381E-4
4902	-1.313E-4
4904	0.007732
4906	0.007282
4908	0.01289
4910	0.02077
4912	0.02042
4914	0.01562
4916	0.01578
4918	0.0153
4920	0.01195
4922	0.007597
4924	0.00669
4926	0.006695
4928	0.00726
4930	0.008839
4932	0.01209
4934	0.01016
4936	0.009834
4938	0.01
4940	0.005774
4942	0.004933
4944	0.0047
4946	0.002763
4948	0.002561
4950	0.002409
4952	0.00266
4954	0.002858
4956	0.006593
4958	0.003736
4960	0.001157
4962	0.003923
4964	0.003822
4966	-0.00162
4968	-0.0035
4970	-0.003793
4972	-0.001826
4974	-0.004775
4976	-0.007021
4978	-0.005351
4980	-0.003244
4982	-0.001528
4984	0.00399
4986	-0.002311
4988	0.001469
4990	0.003112
4992	0.002497
4994	0.005009
4996	0.002219
4998	5.013E-4
3000	-0.0112
3002	-0.009571
3004	-0.009772
3006	-0.01231
3008	-0.01354
3010	-0.01493
3012	-0.0106
3014	-0.01562
3016	-0.01472
3018	-0.01374
3020	-0.01562
3022	-0.01184
3024	-0.01124
3026	-0.008741
3028	-0.009562
3030	-0.01179
3032	-0.00447
3034	-0.009659
3036	-0.009091
3038	-0.01422
3040	-0.008568
3042	-0.007783
3044	-0.005651
3046	-0.007702
3048	-0.01096
3050	-0.01396
3052	-0.00963
3054	-0.01174
3056	-0.007799
3058	-0.005814
3060	-0.003084
3062	-0.003535
3064	0.003667
3066	0.002241
3068	0.004273
3070	0.006183
3072	0.004064
3074	0.002725
3076	-0.002883
3078	-0.003963
3080	-0.006512
3082	-0.002932
3084	-0.005437
3086	-0.003028
3088	-0.001916
3090	-0.006105
3092	-0.00292
3094	-0.00652
3096	-0.00612
3098	-0.008348
3100	-0.008338
3102	-0.005651
3104	-0.001217
3106	-2.711E-4
3108	2.446E-4
3110	-0.00124
3112	-0.004685
3114	0.001406
3116	-0.003329
3118	-0.007903
3120	-0.005628
3122	-0.005149
3124	-0.01123
3126	-0.005842
3128	-0.005154
3130	-0.006387
3132	-0.005252
3134	-0.006593
3136	-0.005705
3138	-0.005423
3140	-0.002118
3142	-0.004703
3144	-5.161E-4
3146	-1.664E-4
3148	0.002407
3150	0.001976
3152	0.006545
3154	0.01424
3156	0.00808
3158	-0.001198
3160	-0.003339
3162	-0.001621
3164	0.001882
3166	0.011
3168	0.009544
3170	-0.002493
3172	-0.004649
3174	-0.002435
3176	-0.005518
3178	-0.004043
3180	-0.005003
3182	-0.002387
3184	-0.002367
3186	-0.007611
3188	-0.01472
3190	-0.01593
3192	-0.01663
3194	-0.01774
3196	-0.01649
3198	-0.01333
3200	-0.008258
3202	-0.00909
3204	-0.01438
3206	-0.01176
3208	-0.01473
3210	-0.01495
3212	-0.01272
3214	-0.01339
3216	-0.01671
3218	-0.01488
3220	-0.01353
3222	-0.01571
3224	-0.01661
3226	-0.01572
3228	-0.00999
3230	-0.00926
3232	-0.01201
3234	-0.01136
3236	-0.00937
3238	-0.007685
3240	-0.008545
3242	-0.01014
3244	-0.008233
3246	-0.003886
3248	-0.006792
3250	-0.01177
3252	-0.009648
3254	-0.01421
3256	-0.0156
3258	-0.009836
3260	-0.00667
3262	-0.008652
3264	-0.009587
3266	-0.005177
3268	-0.008183
3270	-0.005688
3272	-0.006136
3274	-0.003295
3276	-0.005768
3278	-0.007924
3280	-0.004812
3282	-0.009616
3284	-0.01443
3286	-0.008547
3288	-0.007552
3290	-0.007435
3292	-0.01099
3294	-0.01377
3296	-0.0159
3298	-0.01386
3300	-0.009589
3302	-0.01259
3304	-0.01056
3306	-0.008632
3308	-0.009836
3310	-0.01655
3312	-0.01518
3314	-0.01696
3316	-0.01191
3318	-0.01348
3320	-0.007162
3322	-0.004677
3324	-0.006831
3326	-0.006918
3328	-0.007325
3330	-0.01175
3332	-0.01436
3334	-0.01671
3336	-0.01586
3338	-0.01797
3340	-0.01415
3342	-0.01583
3344	-0.0204
3346	-0.01917
3348	-0.02045
3350	-0.02066
3352	-0.01252
3354	-0.004411
3356	-0.00413
3358	-0.003399
3360	0.006089
3362	0.01275
3364	0.007629
3366	0.01026
3368	0.005142
3370	0.007416
3372	0.005013
3374	6.353E-4
3376	-0.002793
3378	-0.001958
3380	-0.00133
3382	-0.005293
3384	-0.001332
3386	-0.007828
3388	-0.003626
3390	-1.504E-4
3392	-3.459E-4
3394	-0.001312
3396	-0.001979
3398	0.002515
3400	0.004512
3402	0.003685
3404	0.01014
3406	0.01111
3408	0.009751
3410	0.01061
3412	0.006787
3414	0.008284
3416	0.01103
3418	0.01008
3420	0.009278
3422	0.01461
3424	0.01026
3426	0.005681
3428	0.005456
3430	0.001852
3432	-0.002439
3434	0.003406
3436	0.003699
3438	0.005375
3440	0.004999
3442	-0.002895
3444	-0.002517
3446	-0.007514
3448	-0.007162
3450	-0.008533
3452	-0.004653
3454	-0.001291
3456	0.001467
3458	5.056E-4
3460	0.00135
3462	9.765E-4
3464	0.003458
3466	0.004976
3468	0.004302
3470	0.01011
3472	0.007817
3474	0.008919
3476	0.008576
3478	0.004132
3480	3.448E-4
3482	-2.267E-4
3484	-0.002875
3486	-0.003081
3488	-0.006579
3490	-0.01003
3492	-0.00733
3494	-0.007797
3496	-0.0104
3498	-0.01327
3500	-0.01487
3502	-0.0164
3504	-0.01412
3506	-0.01396
3508	-0.01363
3510	-0.009819
3512	-0.008541
3514	-0.01063
3516	-0.01121
3518	-0.0127
3520	-0.01043
3522	-0.01283
3524	-0.01209
3526	-0.009317
3528	-0.01069
3530	-0.009985
3532	-0.007567
3534	-0.004716
3536	-0.004849
3538	-0.004991
3540	-0.01101
3542	-0.01594
3544	-0.01404
3546	-0.01487
3548	-0.006926
3550	-0.005787
3552	-0.00576
3554	-0.009522
3556	-0.01077
3558	-0.009361
3560	-0.004297
3562	-0.005498
3564	-0.003461
3566	0.001918
3568	0.001181
3570	4.569E-4
3572	-0.002296
3574	-0.00143
3576	3.721E-4
3578	7.069E-4
3580	0.00104
3582	-0.003792
3584	-0.007688
3586	-0.0089
3588	-0.004854
3590	-0.01046
3592	-0.009924
3594	-0.01102
3596	-0.01123
3598	-0.007472
3600	-0.004663
3602	4.596E-4
3604	0.002964
3606	-0.004681
3608	-0.01025
3610	-0.01553
3612	-0.01585
3614	-0.01654
3616	-0.01563
3618	-0.01464
3620	-0.01686
3622	-0.01866
3624	-0.01041
3626	-0.008001
3628	-0.007057
3630	-0.008567
3632	-0.009827
3634	-0.009053
3636	-0.009641
3638	-0.01444
3640	-0.01939
3642	-0.01941
3644	-0.01215
3646	-0.0153
3648	-0.0131
3650	-0.0137
3652	-0.01692
3654	-0.01619
3656	-0.0115
3658	-0.0127
3660	-0.007875
3662	-0.004204
3664	-0.007645
3666	-0.004779
3668	-0.008245
3670	-0.01041
3672	-0.01093
3674	-0.01421
3676	-0.007292
3678	-0.009012
3680	-0.01563
3682	-0.01592
3684	-0.01437
3686	-0.01746
3688	-0.01776
3690	-0.0163
3692	-0.01656
3694	-0.01716
3696	-0.01616
3698	-0.02178
3700	-0.02259
3702	-0.02301
3704	-0.02159
3706	-0.02549
3708	-0.01869
3710	-0.02064
3712	-0.01845
3714	-0.02285
3716	-0.0203
3718	-0.01814
3720	-0.01446
3722	-0.01187
3724	-0.01202
3726	-0.01362
3728	-0.01611
3730	-0.01398
3732	-0.01566
3734	-0.01318
3736	-0.01083
3738	-0.009924
3740	-0.01213
3742	-0.01239
3744	-0.01491
3746	-0.01107
3748	-0.009441
3750	-0.008816
3752	-0.008269
3754	-0.006495
3756	-0.007223
3758	-0.0041
3760	-0.006407
3762	-0.005029
3764	-0.008266
3766	-0.00885
3768	-0.006611
3770	-0.003923
3772	-0.005724
3774	-0.01119
3776	-0.01154
3778	-0.008558
3780	-0.01635
3782	-0.009662
3784	-0.007321
3786	-0.008515
3788	-0.007964
3790	-0.008453
3792	-0.01232
3794	-0.01377
3796	-0.009354
3798	-0.008308
3800	-0.009325
3802	-0.004074
3804	-0.001139
3806	-7.729E-4
3808	0.001205
3810	0.003281
3812	0.003416
3814	0.001375
3816	0.001038
3818	0.003955
3820	0.01173
3822	0.009646
3824	0.005856
3826	0.005047
3828	0.003581
3830	0.006163
3832	0.008119
3834	0.004458
3836	3.163E-4
3838	-0.004386
3840	-0.004351
3842	-0.01188
3844	-0.01133
3846	-0.01592
3848	-0.0133
3850	-0.01619
3852	-0.01645
3854	-0.0117
3856	-0.01386
3858	-0.009317
3860	-0.01166
3862	-0.005892
3864	-0.01132
3866	-0.0152
3868	-0.01448
3870	-0.01685
3872	-0.01286
3874	-0.009777
3876	-0.007889
3878	-0.004836
3880	-0.007329
3882	-0.007728
3884	-0.008572
3886	-0.004153
3888	-0.004317
3890	-0.001734
3892	-0.003964
3894	-0.006786
3896	-0.005604
3898	-0.004651
3900	-0.002035
3902	-0.007013
3904	-0.007517
3906	-0.01351
3908	-0.01921
3910	-0.01815
3912	-0.01582
3914	-0.01581
3916	-0.01525
3918	-0.01609
3920	-0.01621
3922	-0.01271
3924	-0.009623
3926	-0.01016
3928	-0.0066
3930	-0.00346
3932	-0.001188
3934	-0.005262
3936	-0.005134
3938	-4.686E-4
3940	0.001822
3942	-7.267E-4
3944	-3.922E-5
3946	-0.009993
3948	-0.00643
3950	-0.008478
3952	-0.007688
3954	-0.003077
3956	-0.00199
3958	-0.004515
3960	-0.001086
3962	0.00234
3964	-0.001997
3966	-0.005642
3968	-0.00975
3970	-0.008207
3972	-0.0126
3974	-0.01335
3976	-0.01374
3978	-0.01171
3980	-0.015
3982	-0.0126
3984	-0.009745
3986	-0.01161
3988	-0.004938
3990	-0.008521
3992	-0.01569
3994	-0.01804
3996	-0.02149
3998	-0.02237
4000	-0.02027
4002	-0.01231
4004	-0.01397
4006	-0.01457
4008	-0.009618
4010	-0.01276
4012	-0.01185
4014	-0.005366
4016	-0.005032
4018	-0.002989
4020	-0.001916
4022	0.002085
4024	-0.006496
4026	-0.005598
4028	-0.009178
4030	-0.01143
4032	-0.01279
4034	-0.0171
4036	-0.00785
4038	-0.01872
4040	-0.01422
4042	-0.01417
4044	-0.01092
4046	-0.01396
4048	-0.01439
4050	-0.01185
4052	-0.01556
4054	-0.01738
4056	-0.01681
4058	-0.01306
4060	-0.01289
4062	-0.009484
4064	-0.01251
4066	-0.00925
4068	-0.01129
4070	-0.01294
4072	-0.01613
4074	-0.01668
4076	-0.01735
4078	-0.01855
4080	-0.02083
4082	-0.01872
4084	-0.02052
4086	-0.01908
4088	-0.01579
4090	-0.01303
4092	-0.009943
4094	-0.01301
4096	-0.01302
4098	-0.01759
4100	-0.0135
4102	-0.01543
4104	-0.01946
4106	-0.01822
4108	-0.01846
4110	-0.02253
4112	-0.0208
4114	-0.02009
4116	-0.02391
4118	-0.02679
4120	-0.02338
4122	-0.02135
4124	-0.01445
4126	-0.01674
4128	-0.01943
4130	-0.02236
4132	-0.02548
4134	-0.0261
4136	-0.02058
4138	-0.01583
4140	-0.01432
4142	-0.01344
4144	-0.01696
4146	-0.01515
4148	-0.0156
4150	-0.0153
4152	-0.01522
4154	-0.01627
4156	-0.01279
4158	-0.01179
4160	-0.01109
4162	-0.01164
4164	-0.01365
4166	-0.008292
4168	-0.01014
4170	-0.004712
4172	-0.003068
4174	0.002796
4176	0.004835
4178	-0.004509
4180	-7.447E-4
4182	-0.002194
4184	-9.923E-4
4186	0.002944
4188	7.689E-4
4190	-0.006586
4192	6.176E-4
4194	-3.985E-4
4196	-0.005054
4198	-0.003602
4200	-0.002168
4202	-0.002318
4204	-0.002136
4206	-0.00513
4208	-0.01008
4210	-0.01171
4212	-0.01047
4214	-0.004866
4216	-6.502E-4
4218	0.004541
4220	-0.002289
4222	-0.004128
4224	-0.007335
4226	-0.01179
4228	-0.01138
4230	-0.01012
4232	-0.01148
4234	-0.01295
4236	-0.01641
4238	-0.01676
4240	-0.006939
4242	-0.005415
4244	-0.004504
4246	-0.004726
4248	-0.007637
4250	-0.008627
4252	-0.01196
4254	-0.009233
4256	-0.01048
4258	-0.008563
4260	-0.01143
4262	-0.01267
4264	-0.0141
4266	-0.01707
4268	-0.01388
4270	-0.01356
4272	-0.01052
4274	-0.01036
4276	-0.009075
4278	-0.01047
4280	-0.005191
4282	-0.008361
4284	-0.005071
4286	-0.008286
4288	-0.007752
4290	-0.003826
4292	-0.001682
4294	-0.005711
4296	-0.006287
4298	-0.007616
4300	-0.005629
4302	-4.265E-4
4304	-0.002446
4306	-0.005835
4308	0.001546
4310	-9.435E-4
4312	-0.00129
4314	5.983E-5
4316	0.003449
4318	0.004765
4320	-0.001326
4322	7.714E-4
4324	-0.004017
4326	-0.005915
4328	-0.007111
4330	-0.008995
4332	-0.01284
4334	-0.0103
4336	-0.009113
4338	-0.01089
4340	-0.006863
4342	-0.00617
4344	-0.008252
4346	-0.005908
4348	-0.005844
4350	-0.00156
4352	-4.354E-4
4354	0.002088
4356	0.005515
4358	0.001138
4360	0.001005
4362	7.756E-4
4364	-0.00266
4366	-0.007022
4368	-0.003288
4370	-0.007136
4372	-0.005886
4374	-0.01065
4376	-0.009433
4378	-0.01172
4380	-0.008092
4382	-0.008968
4384	-0.01002
4386	-0.006375
4388	-0.006063
4390	-0.007057
4392	-0.009163
4394	-0.009583
4396	-0.008476
4398	-0.00746
4400	-0.003784
4402	-0.005849
4404	-0.01319
4406	-0.0146
4408	-0.009926
4410	-0.01198
4412	-0.004551
4414	-0.004797
4416	-0.007176
4418	-0.008898
4420	-0.00856
4422	-0.009229
4424	-0.01021
4426	-0.01433
4428	-0.01224
4430	-0.01505
4432	-0.01479
4434	-0.01762
4436	-0.01749
4438	-0.01547
4440	-0.01624
4442	-0.01805
4444	-0.02188
4446	-0.01889
4448	-0.01681
4450	-0.01822
4452	-0.01988
4454	-0.01265
4456	-0.01423
4458	-0.009178
4460	-0.0105
4462	-0.008295
4464	-0.0104
4466	-0.01319
4468	-0.01113
4470	-0.00829
4472	-0.006118
4474	0.003552
4476	0.006874
4478	0.002177
4480	-0.003901
4482	-0.003448
4484	-0.001616
4486	0.002384
4488	0.003149
4490	0.00363
4492	0.005544
4494	6.439E-4
4496	0.004751
4498	-2.635E-4
4500	0.007343
4502	0.004573
4504	0.005823
4506	0.003175
4508	0.006159
4510	-8.387E-4
4512	0.003583
4514	0.006296
4516	0.003134
4518	-8.456E-6
4520	0.00421
4522	0.002883
4524	0.002437
4526	0.001044
4528	-0.002483
4530	-0.007866
4532	-0.0119
4534	-0.008185
4536	-0.01196
4538	-0.01154
4540	-0.01282
4542	-0.01406
4544	-0.01747
4546	-0.01539
4548	-0.01417
4550	-0.01156
4552	-0.008691
4554	-0.00598
4556	-0.001581
4558	-0.009599
4560	-0.004429
4562	-0.008651
4564	-0.007717
4566	-0.008448
4568	-0.008062
4570	-0.01244
4572	-0.007391
4574	-0.01173
4576	-0.01389
4578	-0.01555
4580	-0.01524
4582	-0.02
4584	-0.01973
4586	-0.02318
4588	-0.02006
4590	-0.02232
4592	-0.01667
4594	-0.0217
4596	-0.02105
4598	-0.02163
4600	-0.02045
4602	-0.01757
4604	-0.01362
4606	-0.009472
4608	-0.01404
4610	-0.01409
4612	-0.01347
4614	-0.01385
4616	-0.01209
4618	-0.00537
4620	-0.009761
4622	-0.007284
4624	-0.001509
4626	-0.006795
4628	-0.007475
4630	-0.009503
4632	-0.007806
4634	-0.01035
4636	-0.007679
4638	-0.00557
4640	-0.008529
4642	-0.006634
4644	-0.00596
4646	-0.003807
4648	-0.00318
4650	-0.01183
4652	-0.01158
4654	-0.01756
4656	-0.01632
4658	-0.02151
4660	-0.01983
4662	-0.01559
4664	-0.01713
4666	-0.0165
4668	-0.008846
4670	-0.004502
4672	-0.00151
4674	0.002441
4676	-0.002089
4678	-0.002033
4680	-0.002198
4682	-0.006299
4684	-0.005679
4686	-0.001827
4688	4.094E-4
4690	-0.001349
4692	-0.006837
4694	-0.0073
4696	-0.009848
4698	-0.006717
4700	-0.003945
4702	-0.007592
4704	-0.003396
4706	-0.00224
4708	-0.002429
4710	-0.001233
4712	-0.002379
4714	-0.001881
4716	-0.002842
4718	-8.148E-4
4720	-4.67E-4
4722	0.001635
4724	-0.001623
4726	-0.001438
4728	-0.001026
4730	-0.004162
4732	-0.007322
4734	-0.002576
4736	-0.003088
4738	-0.005458
4740	-0.006539
4742	-0.01185
4744	-0.007194
4746	-0.003738
4748	6.909E-5
4750	0.002362
4752	0.00307
4754	-0.00257
4756	-0.01035
4758	-0.005283
4760	-0.004208
4762	-0.004024
4764	-0.003302
4766	-0.002257
4768	-0.007723
4770	-0.003176
4772	-0.001035
4774	-0.003748
4776	-0.007936
4778	-0.01418
4780	-0.009777
4782	-0.01534
4784	-0.01678
4786	-0.0155
4788	-0.0115
4790	-0.01049
4792	-0.01253
4794	-0.0154
4796	-0.02194
4798	-0.0149
4800	-0.01669
4802	-0.01496
4804	-0.01172
4806	-0.01371
4808	-0.003811
4810	-0.002898
4812	-0.003059
4814	-0.001628
4816	-0.005364
4818	-0.005032
4820	-4.53E-4
4822	0.001171
4824	-0.001999
4826	-0.002413
4828	-0.00279
4830	-0.003525
4832	-0.009259
4834	-0.01024
4836	-0.00825
4838	-0.006354
4840	-0.008283
4842	-0.003663
4844	-0.003282
4846	0.002193
4848	0.001711
4850	-0.003465
4852	-0.001996
4854	-0.01113
4856	-0.01155
4858	-0.008906
4860	-0.01246
4862	-0.01222
4864	-0.007206
4866	-0.01287
4868	-0.009026
4870	-0.007191
4872	-0.006067
4874	-0.01545
4876	-0.01825
4878	-0.01461
4880	-0.01748
4882	-0.01546
4884	-0.01493
4886	-0.01293
4888	-0.01772
4890	-0.0159
4892	-0.014
4894	-0.01328
4896	-0.01272
4898	-0.01603
4900	-0.01704
4902	-0.01468
4904	-0.01504
4906	-0.01322
4908	-0.01595
4910	-0.0174
4912	-0.01654
4914	-0.01475
4916	-0.01326
4918	-0.0136
4920	-0.01527
4922	-0.0145
4924	-0.009093
4926	-0.01111
4928	-0.01169
4930	-0.01096
4932	-0.01306
4934	-0.008354
4936	-0.009558
4938	-0.00763
4940	-0.008147
4942	-0.0121
4944	-0.005251
4946	-0.005909
4948	-0.006449
4950	-0.002799
4952	-0.00213
4954	-0.002828
4956	-0.003163
4958	-0.002485
4960	-0.002669
4962	-0.01005
4964	-0.00817
4966	-0.00532
4968	8.158E-6
4970	-0.001132
4972	-0.003365
4974	-0.002256
4976	-0.003785
4978	-0.01135
4980	-0.01319
4982	-0.01188
4984	-0.0129
4986	-0.01077
4988	-0.01638
4990	-0.01769
4992	-0.01494
4994	-0.01062
4996	-0.006362
4998	-0.001664
3000	0.1552
3002	0.1295
3004	0.1198
3006	0.09572
3008	0.008141
3010	0.1084
3012	0.1861
3014	0.209
3016	0.2441
3018	0.219
3020	0.2379
3022	0.2172
3024	0.293
3026	0.2183
3028	0.1782
3030	0.14
3032	0.159
3034	0.1836
3036	0.2194
3038	0.2149
3040	0.192
3042	0.1501
3044	0.1367
3046	0.2316
3048	0.2663
3050	0.2889
3052	0.3201
3054	0.2754
3056	0.2173
3058	0.2279
3060	0.1764
3062	0.1256
3064	0.127
3066	0.09705
3068	0.1123
3070	0.06809
3072	0.05016
3074	0.08585
3076	0.09764
3078	0.0848
3080	0.07859
3082	0.06811
3084	0.08891
3086	0.08187
3088	0.01267
3090	0.05005
3092	-0.04955
3094	-0.0174
3096	-0.08994
3098	-0.09189
3100	-0.04536
3102	-0.06885
3104	-0.07445
3106	-0.0882
3108	-0.09333
3110	-0.04281
3112	-0.0198
3114	0.007003
3116	-0.002611
3118	0.02197
3120	-0.01766
3122	-0.02504
3124	0.04471
3126	-0.03572
3128	-0.001833
3130	0.008772
3132	-0.06504
3134	-0.08171
3136	-0.06111
3138	-0.1066
3140	-0.05739
3142	-0.05539
3144	-0.131
3146	-0.055
3148	-0.05786
3150	-5.605E-4
3152	0.01595
3154	-0.004536
3156	0.02092
3158	0.1378
3160	0.1835
3162	0.1857
3164	0.1335
3166	0.02571
3168	0.0882
3170	0.1761
3172	0.1811
3174	0.1392
3176	0.1661
3178	0.1104
3180	0.07904
3182	0.08384
3184	0.09848
3186	0.09079
3188	0.1161
3190	0.1344
3192	0.1247
3194	0.1222
3196	0.0952
3198	0.004285
3200	0.0182
3202	0.0129
3204	0.05284
3206	0.1146
3208	0.08332
3210	0.04872
3212	0.05191
3214	0.04285
3216	0.06388
3218	0.06276
3220	0.09435
3222	0.06805
3224	0.131
3226	0.1433
3228	0.0529
3230	0.04131
3232	0.06627
3234	0.1199
3236	0.1045
3238	0.09387
3240	0.1129
3242	0.05874
3244	0.00786
3246	-0.07764
3248	0.02721
3250	0.1017
3252	0.1072
3254	0.1204
3256	0.1225
3258	0.09893
3260	0.1498
3262	0.1649
3264	0.1081
3266	0.08741
3268	0.1519
3270	0.1371
3272	0.1542
3274	0.1036
3276	0.1806
3278	0.2019
3280	0.1945
3282	0.2226
3284	0.2924
3286	0.2066
3288	0.1472
3290	0.1583
3292	0.1828
3294	0.2564
3296	0.2491
3298	0.1259
3300	0.06684
3302	0.105
3304	0.0578
3306	0.014
3308	0.02159
3310	0.00496
3312	-0.07388
3314	-0.04988
3316	-0.08953
3318	-0.03998
3320	0.01307
3322	-0.03902
3324	0.05781
3326	0.006506
3328	0.01387
3330	0.05526
3332	0.06946
3334	0.09046
3336	0.1246
3338	0.1639
3340	0.1692
3342	0.2244
3344	0.2735
3346	0.1608
3348	0.2271
3350	0.2768
3352	0.3031
3354	0.207
3356	0.2338
3358	0.1208
3360	0.07135
3362	0.04512
3364	0.1783
3366	0.1568
3368	0.2374
3370	0.2086
3372	0.2307
3374	0.2035
3376	0.2216
3378	0.2865
3380	0.3073
3382	0.2885
3384	0.2706
3386	0.3656
3388	0.34
3390	0.3015
3392	0.3063
3394	0.343
3396	0.3781
3398	0.3098
3400	0.2447
3402	0.2835
3404	0.2206
3406	0.233
3408	0.2496
3410	0.2453
3412	0.1927
3414	0.2188
3416	0.2375
3418	0.2204
3420	0.1575
3422	0.165
3424	0.1438
3426	0.1179
3428	0.1743
3430	0.1668
3432	0.1398
3434	0.1509
3436	0.1721
3438	0.08167
3440	0.06226
3442	0.1582
3444	0.1971
3446	0.1996
3448	0.2267
3450	0.2594
3452	0.201
3454	0.1778
3456	0.1239
3458	0.1116
3460	0.1859
3462	0.2065
3464	0.1197
3466	0.1334
3468	0.1392
3470	0.1128
3472	0.1729
3474	0.09494
3476	0.1468
3478	0.2197
3480	0.289
3482	0.2406
3484	0.2403
3486	0.3132
3488	0.2772
3490	0.2327
3492	0.2338
3494	0.2623
3496	0.3081
3498	0.362
3500	0.3562
3502	0.3107
3504	0.3108
3506	0.3429
3508	0.3319
3510	0.3022
3512	0.2991
3514	0.3325
3516	0.3137
3518	0.3109
3520	0.3001
3522	0.3026
3524	0.3089
3526	0.2369
3528	0.211
3530	0.216
3532	0.1843
3534	0.2349
3536	0.2098
3538	0.1374
3540	0.193
3542	0.2028
3544	0.1974
3546	0.1597
3548	0.0663
3550	0.09768
3552	0.1167
3554	0.1248
3556	0.1732
3558	0.137
3560	0.1412
3562	0.1271
3564	0.1188
3566	0.1165
3568	0.1479
3570	0.14
3572	0.1174
3574	0.1447
3576	0.1566
3578	0.1542
3580	0.1452
3582	0.1278
3584	0.1128
3586	0.1828
3588	0.1846
3590	0.1846
3592	0.1776
3594	0.2258
3596	0.1746
3598	0.1478
3600	0.109
3602	0.01829
3604	0.006409
3606	0.08904
3608	0.08052
3610	0.1108
3612	0.09633
3614	0.07819
3616	0.1065
3618	0.1769
3620	0.2312
3622	0.2492
3624	0.1901
3626	0.1528
3628	0.108
3630	0.1254
3632	0.1328
3634	0.08307
3636	0.06845
3638	0.09494
3640	0.1243
3642	0.1684
3644	0.1847
3646	0.2223
3648	0.1748
3650	0.1809
3652	0.1958
3654	0.2547
3656	0.146
3658	0.1296
3660	0.1636
3662	0.05195
3664	0.02834
3666	0.05016
3668	0.104
3670	0.09244
3672	0.06804
3674	-0.01512
3676	-0.03223
3678	0.06687
3680	0.1338
3682	0.168
3684	0.1416
3686	0.1476
3688	0.1595
3690	0.114
3692	0.1616
3694	0.1732
3696	0.1848
3698	0.1887
3700	0.2142
3702	0.207
3704	0.1326
3706	0.1529
3708	0.1214
3710	0.1198
3712	0.1679
3714	0.1669
3716	0.118
3718	0.1518
3720	0.1768
3722	0.1649
3724	0.18
3726	0.1815
3728	0.1908
3730	0.1234
3732	0.1242
3734	0.1522
3736	0.1974
3738	0.1895
3740	0.1695
3742	0.1733
3744	0.1904
3746	0.09176
3748	0.08267
3750	0.05024
3752	0.0511
3754	0.06869
3756	0.1371
3758	0.2104
3760	0.1764
3762	0.2158
3764	0.2529
3766	0.2936
3768	0.2395
3770	0.1789
3772	0.2012
3774	0.1338
3776	0.03643
3778	0.04781
3780	0.02768
3782	-0.01892
3784	-0.04684
3786	0.04619
3788	0.003447
3790	0.05917
3792	0.07873
3794	0.08063
3796	0.04761
3798	0.06007
3800	0.04204
3802	0.05734
3804	0.01088
3806	-0.01573
3808	-0.009076
3810	-0.0334
3812	-0.006886
3814	0.01806
3816	0.08384
3818	0.07865
3820	0.01059
3822	0.01008
3824	0.04516
3826	0.05579
3828	0.06392
3830	0.02056
3832	0.08922
3834	0.1312
3836	0.1419
3838	0.1783
3840	0.1346
3842	0.1603
3844	0.1625
3846	0.2129
3848	0.2393
3850	0.2502
3852	0.2488
3854	0.2258
3856	0.2198
3858	0.1361
3860	0.2063
3862	0.1998
3864	0.2334
3866	0.2737
3868	0.2577
3870	0.2379
3872	0.2271
3874	0.2368
3876	0.2116
3878	0.193
3880	0.2732
3882	0.2735
3884	0.2476
3886	0.1598
3888	0.1025
3890	0.0451
3892	0.06826
3894	0.06332
3896	0.1266
3898	0.08457
3900	0.0368
3902	-3.185E-4
3904	0.06952
3906	0.06732
3908	0.1158
3910	0.1329
3912	0.1883
3914	0.2159
3916	0.2183
3918	0.3098
3920	0.3452
3922	0.2301
3924	0.1988
3926	0.1606
3928	0.1581
3930	0.1476
3932	0.1195
3934	0.09792
3936	0.1172
3938	0.1187
3940	0.1388
3942	0.1126
3944	0.1441
3946	0.1486
3948	0.1043
3950	0.1092
3952	0.01201
3954	0.03301
3956	-2.764E-5
3958	0.04772
3960	0.06469
3962	0.001116
3964	0.0548
3966	0.07616
3968	0.1156
3970	0.1452
3972	0.2058
3974	0.2006
3976	0.2265
3978	0.1408
3980	0.1612
3982	0.1187
3984	0.05837
3986	0.09437
3988	0.02299
3990	0.06705
3992	0.1187
3994	0.06393
3996	0.1058
3998	0.063
4000	-0.02597
4002	-0.04403
4004	0.04439
4006	0.07823
4008	-0.01685
4010	0.03417
4012	-0.05964
4014	-0.06277
4016	-0.01949
4018	-0.00865
4020	-4.072E-4
4022	-0.07524
4024	-0.03908
4026	0.008676
4028	0.08605
4030	0.04237
4032	0.05756
4034	0.1539
4036	0.08584
4038	0.1551
4040	0.1618
4042	0.1489
4044	0.1706
4046	0.2525
4048	0.2395
4050	0.2895
4052	0.3352
4054	0.3175
4056	0.2691
4058	0.1808
4060	0.1343
4062	0.1221
4064	0.1858
4066	0.1248
4068	0.1819
4070	0.1957
4072	0.1575
4074	0.1866
4076	0.1952
4078	0.271
4080	0.2931
4082	0.3257
4084	0.3233
4086	0.2615
4088	0.1222
4090	0.1279
4092	0.1306
4094	0.1341
4096	0.1193
4098	0.1207
4100	0.1333
4102	0.1322
4104	0.1894
4106	0.1207
4108	0.06648
4110	0.05359
4112	0.08409
4114	0.02951
4116	0.02261
4118	0.05221
4120	0.05042
4122	0.02662
4124	0.01976
4126	0.08358
4128	0.1299
4130	0.1159
4132	0.07156
4134	0.14
4136	0.1079
4138	0.1297
4140	0.04576
4142	0.03697
4144	0.1619
4146	0.2062
4148	0.1528
4150	0.1588
4152	0.1376
4154	0.189
4156	0.1531
4158	0.1602
4160	0.1647
4162	0.1463
4164	0.2047
4166	0.2588
4168	0.279
4170	0.1896
4172	0.1723
4174	0.1337
4176	0.1375
4178	0.1616
4180	0.1567
4182	0.1417
4184	0.1385
4186	0.1502
4188	0.2173
4190	0.2324
4192	0.2179
4194	0.148
4196	0.2329
4198	0.2571
4200	0.2101
4202	0.2424
4204	0.2064
4206	0.2402
4208	0.2505
4210	0.3612
4212	0.3662
4214	0.302
4216	0.2297
4218	0.1776
4220	0.2037
4222	0.2067
4224	0.1809
4226	0.2321
4228	0.1547
4230	0.07994
4232	0.04808
4234	0.02637
4236	-0.03496
4238	0.03546
4240	0.02154
4242	0.01699
4244	0.002204
4246	0.04622
4248	0.06239
4250	0.1244
4252	0.227
4254	0.1395
4256	0.18
4258	0.1334
4260	0.1775
4262	0.2476
4264	0.2972
4266	0.3311
4268	0.3171
4270	0.2891
4272	0.2541
4274	0.2545
4276	0.2026
4278	0.1846
4280	0.09258
4282	0.06139
4284	0.05892
4286	0.1436
4288	0.1586
4290	0.08579
4292	0.07822
4294	0.06893
4296	0.09205
4298	0.04648
4300	0.04734
4302	0.007609
4304	0.05197
4306	0.1133
4308	0.05461
4310	0.1228
4312	0.1192
4314	0.06683
4316	0.0358
4318	0.09719
4320	0.1161
4322	0.09188
4324	0.1694
4326	0.2083
4328	0.2306
4330	0.1941
4332	0.1893
4334	0.2098
4336	0.1705
4338	0.04653
4340	0.06978
4342	0.09445
4344	0.08035
4346	0.0906
4348	0.05594
4350	0.0446
4352	0.01086
4354	-0.01809
4356	-0.06724
4358	-0.05176
4360	0.04533
4362	0.07035
4364	0.1186
4366	0.05082
4368	6.827E-4
4370	0.06281
4372	0.0733
4374	0.144
4376	0.1723
4378	0.1851
4380	0.2268
4382	0.2722
4384	0.2911
4386	0.2636
4388	0.2813
4390	0.2526
4392	0.2883
4394	0.3013
4396	0.2513
4398	0.2751
4400	0.2499
4402	0.2981
4404	0.2876
4406	0.2271
4408	0.1735
4410	0.1908
4412	0.2034
4414	0.1956
4416	0.1811
4418	0.101
4420	0.102
4422	0.1311
4424	0.1681
4426	0.1902
4428	0.1617
4430	0.2028
4432	0.193
4434	0.2433
4436	0.2051
4438	0.2024
4440	0.2481
4442	0.2225
4444	0.1596
4446	0.1113
4448	0.06731
4450	0.07035
4452	0.1299
4454	0.1955
4456	0.1351
4458	0.1315
4460	0.06578
4462	0.04035
4464	0.09973
4466	0.08209
4468	0.1626
4470	0.1242
4472	0.1649
4474	0.1479
4476	0.1224
4478	0.2151
4480	0.2618
4482	0.2317
4484	0.2298
4486	0.182
4488	0.1373
4490	0.1566
4492	0.101
4494	0.1865
4496	0.06
4498	0.1237
4500	0.1346
4502	0.1497
4504	0.06682
4506	0.2296
4508	0.2049
4510	0.182
4512	0.1558
4514	0.2039
4516	0.2276
4518	0.326
4520	0.2937
4522	0.2612
4524	0.2425
4526	0.2605
4528	0.309
4530	0.4015
4532	0.4464
4534	0.4073
4536	0.4499
4538	0.4763
4540	0.4701
4542	0.4744
4544	0.4781
4546	0.4448
4548	0.4583
4550	0.4557
4552	0.4216
4554	0.3614
4556	0.4093
4558	0.4333
4560	0.4728
4562	0.4532
4564	0.4757
4566	0.4848
4568	0.4112
4570	0.4764
4572	0.4098
4574	0.3933
4576	0.3858
4578	0.3587
4580	0.3491
4582	0.3957
4584	0.3688
4586	0.4146
4588	0.3817
4590	0.4002
4592	0.4047
4594	0.3979
4596	0.3575
4598	0.3605
4600	0.3522
4602	0.2922
4604	0.239
4606	0.187
4608	0.186
4610	0.17
4612	0.2243
4614	0.2258
4616	0.1933
4618	0.1472
4620	0.1637
4622	0.1547
4624	0.1174
4626	0.1316
4628	0.1357
4630	0.1658
4632	0.123
4634	0.06708
4636	0.04512
4638	-0.001147
4640	4.524E-4
4642	0.008039
4644	0.02378
4646	0.03699
4648	0.05467
4650	0.08094
4652	0.1209
4654	0.1355
4656	0.1175
4658	0.207
4660	0.1617
4662	0.0943
4664	0.06334
4666	0.09469
4668	0.01355
4670	0.08286
4672	0.05841
4674	0.0279
4676	0.04979
4678	0.1159
4680	0.1038
4682	0.1556
4684	0.1277
4686	0.1235
4688	0.09945
4690	0.06919
4692	0.1204
4694	0.1165
4696	0.09364
4698	0.1331
4700	0.1104
4702	0.1865
4704	0.1609
4706	0.1108
4708	0.151
4710	0.1022
4712	0.1409
4714	0.1832
4716	0.1636
4718	0.2133
4720	0.2555
4722	0.1573
4724	0.2129
4726	0.2729
4728	0.2196
4730	0.2547
4732	0.3473
4734	0.2896
4736	0.2812
4738	0.2658
4740	0.2065
4742	0.2907
4744	0.2532
4746	0.2488
4748	0.1551
4750	0.1451
4752	0.1536
4754	0.138
4756	0.2016
4758	0.1528
4760	0.1637
4762	0.1618
4764	0.1436
4766	0.1018
4768	0.06583
4770	0.08098
4772	0.08414
4774	0.142
4776	0.1494
4778	0.2202
4780	0.2107
4782	0.2597
4784	0.303
4786	0.3012
4788	0.2931
4790	0.3414
4792	0.3217
4794	0.3928
4796	0.3353
4798	0.3079
4800	0.2543
4802	0.2975
4804	0.2756
4806	0.3375
4808	0.2427
4810	0.233
4812	0.2512
4814	0.2209
4816	0.2446
4818	0.1287
4820	0.1026
4822	0.1231
4824	0.1266
4826	0.1187
4828	0.1661
4830	0.121
4832	0.2327
4834	0.2116
4836	0.2409
4838	0.2292
4840	0.23
4842	0.2092
4844	0.1677
4846	0.1493
4848	0.2017
4850	0.1925
4852	0.2206
4854	0.2227
4856	0.1721
4858	0.1632
4860	0.207
4862	0.2283
4864	0.1887
4866	0.2262
4868	0.1874
4870	0.1598
4872	0.1741
4874	0.3182
4876	0.3403
4878	0.3924
4880	0.3579
4882	0.3098
4884	0.3305
4886	0.3591
4888	0.4349
4890	0.4367
4892	0.3987
4894	0.3664
4896	0.376
4898	0.3579
4900	0.3639
4902	0.3644
4904	0.3848
4906	0.3977
4908	0.3389
4910	0.2951
4912	0.3093
4914	0.3452
4916	0.2713
4918	0.2404
4920	0.2853
4922	0.2987
4924	0.3183
4926	0.298
4928	0.3883
4930	0.3688
4932	0.4125
4934	0.3176
4936	0.3151
4938	0.2549
4940	0.3075
4942	0.3264
4944	0.3084
4946	0.2918
4948	0.3517
4950	0.2941
4952	0.2815
4954	0.2679
4956	0.209
4958	0.203
4960	0.2095
4962	0.2273
4964	0.2372
4966	0.176
4968	0.0878
4970	0.03198
4972	0.0345
4974	0.09649
4976	0.164
4978	0.2097
4980	0.2608
4982	0.2241
4984	0.1338
4986	0.1853
4988	0.2217
4990	0.1545
4992	0.1478
4994	0.04397
4996	0.08252
4998	0.07538
3000	0.03116
3002	-0.00895
3004	0.06279
3006	0.04785
3008	0.07458
3010	0.06429
3012	0.03809
3014	0.1007
3016	0.04079
3018	0.03254
3020	-0.07153
3022	-0.05655
3024	-0.05598
3026	-0.0204
3028	0.06744
3030	-0.0127
3032	-0.1275
3034	-0.1425
3036	-0.164
3038	-0.1614
3040	-0.1089
3042	-0.05425
3044	-0.1061
3046	-0.1832
3048	-0.1461
3050	-0.08255
3052	-0.05027
3054	-0.009871
3056	0.03068
3058	0.03203
3060	0.03306
3062	0.06851
3064	-0.04025
3066	6.629E-4
3068	0.04124
3070	0.06159
3072	0.05175
3074	0.02334
3076	0.1036
3078	0.1287
3080	0.1942
3082	0.1673
3084	0.1264
3086	0.1407
3088	0.1097
3090	0.07373
3092	0.172
3094	0.1418
3096	0.1517
3098	0.1189
3100	0.09155
3102	0.2056
3104	0.14
3106	0.1371
3108	0.1192
3110	0.09088
3112	0.1646
3114	0.04361
3116	0.04555
3118	0.02357
3120	0.06426
3122	0.001221
3124	-0.003696
3126	0.02821
3128	-0.001407
3130	-0.007742
3132	0.01403
3134	-0.06212
3136	-0.03972
3138	-0.01463
3140	-0.1117
3142	-0.07358
3144	-0.04224
3146	-0.02914
3148	0.06067
3150	-0.001215
3152	0.06402
3154	0.0667
3156	0.1278
3158	0.05433
3160	0.03082
3162	-0.06572
3164	0.001708
3166	0.05527
3168	0.003482
3170	-0.01583
3172	0.01541
3174	0.03515
3176	0.009522
3178	0.02087
3180	0.06567
3182	0.08527
3184	0.0376
3186	0.07838
3188	0.03769
3190	0.00835
3192	-0.02226
3194	-0.04187
3196	-0.05233
3198	-0.009105
3200	-0.06379
3202	-0.07763
3204	-0.1238
3206	-0.221
3208	-0.1809
3210	-0.1193
3212	-0.2092
3214	-0.1168
3216	-0.06933
3218	0.02296
3220	0.05866
3222	0.136
3224	0.1003
3226	0.05952
3228	0.07073
3230	0.1161
3232	0.08673
3234	0.03826
3236	0.006787
3238	-0.02787
3240	-0.01137
3242	0.08483
3244	0.0987
3246	0.1156
3248	0.03847
3250	-0.0161
3252	-0.129
3254	-0.1226
3256	-0.1161
3258	-0.08334
3260	-0.1717
3262	-0.03611
3264	-0.04145
3266	-0.001922
3268	0.01284
3270	-0.01669
3272	-0.01081
3274	0.04703
3276	0.01137
3278	0.03553
3280	0.01494
3282	0.07645
3284	0.1179
3286	0.1165
3288	0.1556
3290	0.08048
3292	0.1522
3294	0.09758
3296	0.03908
3298	0.0731
3300	-0.001496
3302	-0.02059
3304	0.05526
3306	0.1358
3308	0.08138
3310	0.02276
3312	0.07745
3314	-0.03527
3316	0.005244
3318	-0.08767
3320	-0.1411
3322	-0.1
3324	-0.07209
3326	0.02637
3328	0.003193
3330	0.002328
3332	0.04053
3334	0.03529
3336	-0.02255
3338	-0.07212
3340	-0.04052
3342	-0.03871
3344	-0.07707
3346	-0.005706
3348	-0.1137
3350	-0.2462
3352	-0.2043
3354	-0.1521
3356	-0.157
3358	-0.0121
3360	-0.01485
3362	-0.08901
3364	-0.03478
3366	0.0556
3368	0.001856
3370	-0.01978
3372	0.04521
3374	0.1483
3376	0.1522
3378	0.06906
3380	0.01753
3382	-0.0284
3384	-0.01731
3386	-0.04813
3388	-0.089
3390	-0.0964
3392	-0.06898
3394	-0.07999
3396	-0.08459
3398	-0.04559
3400	-0.05832
3402	-0.03777
3404	0.03135
3406	-0.02696
3408	-0.05296
3410	-0.01435
3412	0.003601
3414	0.1036
3416	0.03814
3418	0.07564
3420	0.1524
3422	0.04126
3424	0.09405
3426	0.07247
3428	0.05445
3430	0.08756
3432	0.06562
3434	0.04791
3436	0.02871
3438	0.01495
3440	0.07558
3442	0.05777
3444	-0.1155
3446	0.05001
3448	0.007115
3450	0.06094
3452	0.1978
3454	0.1656
3456	0.192
3458	0.1495
3460	0.0185
3462	-0.002583
3464	0.05049
3466	0.1455
3468	0.156
3470	0.1571
3472	0.2192
3474	0.1368
3476	0.06823
3478	0.1032
3480	0.05392
3482	0.04536
3484	0.005131
3486	-0.06265
3488	0.02565
3490	0.1136
3492	0.08259
3494	0.1016
3496	0.1007
3498	0.1085
3500	0.106
3502	0.07581
3504	0.07743
3506	0.04001
3508	-0.01916
3510	-0.007439
3512	-0.05625
3514	0.04882
3516	0.06261
3518	0.0812
3520	0.07907
3522	0.03605
3524	0.0142
3526	0.002375
3528	0.08081
3530	-0.001461
3532	0.04238
3534	-0.03729
3536	0.02826
3538	0.05972
3540	0.05904
3542	-0.001827
3544	-0.04871
3546	0.04333
3548	0.07418
3550	0.07516
3552	0.04784
3554	0.02824
3556	0.02026
3558	0.07118
3560	0.01325
3562	-0.04675
3564	-0.07525
3566	-0.02924
3568	-0.06606
3570	-0.06704
3572	0.01932
3574	-0.03254
3576	-0.04997
3578	0.06981
3580	0.08311
3582	0.17
3584	0.151
3586	0.03542
3588	-0.05111
3590	0.007792
3592	0.007273
3594	-0.008422
3596	0.07593
3598	0.01558
3600	0.1313
3602	0.07753
3604	0.125
3606	-0.003406
3608	0.04573
3610	0.05591
3612	-0.0468
3614	0.04294
3616	-0.01169
3618	-0.04858
3620	-0.001962
3622	0.03017
3624	0.05091
3626	0.0214
3628	0.03196
3630	0.00276
3632	0.005137
3634	-0.05827
3636	-0.04475
3638	-0.06491
3640	-0.08251
3642	-0.08675
3644	-0.08288
3646	-0.02911
3648	-0.0393
3650	-0.07656
3652	-0.1085
3654	-0.1081
3656	-0.1005
3658	-0.1455
3660	-0.1631
3662	-0.1703
3664	0.005448
3666	-0.101
3668	-0.08998
3670	-0.01341
3672	-0.007579
3674	0.06858
3676	0.005506
3678	9.129E-4
3680	-0.0551
3682	-0.168
3684	-0.1485
3686	-0.1003
3688	-0.1091
3690	6.397E-4
3692	0.05459
3694	0.074
3696	0.07198
3698	0.08155
3700	0.05027
3702	0.0616
3704	0.1009
3706	0.1011
3708	-0.07806
3710	0.007212
3712	-0.01276
3714	-0.02565
3716	0.03747
3718	-0.04106
3720	-0.03855
3722	0.006284
3724	-0.02367
3726	0.01801
3728	0.03356
3730	0.04726
3732	0.01774
3734	-0.07263
3736	-0.1452
3738	0.007902
3740	0.07244
3742	0.04832
3744	0.001434
3746	-0.01545
3748	-0.07113
3750	0.02538
3752	-0.006259
3754	-0.00805
3756	0.006232
3758	-0.02144
3760	-0.0284
3762	-0.01119
3764	-0.07035
3766	-0.1256
3768	-0.07027
3770	-0.06418
3772	-0.02351
3774	0.06467
3776	0.1492
3778	0.09549
3780	0.201
3782	0.1464
3784	0.1705
3786	0.09403
3788	0.03634
3790	0.02952
3792	-0.001056
3794	0.06715
3796	0.05674
3798	0.07416
3800	0.1067
3802	0.04955
3804	0.06825
3806	0.06376
3808	0.01781
3810	0.001543
3812	0.03332
3814	0.06078
3816	0.05411
3818	0.01373
3820	-0.04972
3822	0.05919
3824	-0.03172
3826	0.01618
3828	0.1134
3830	0.0589
3832	0.09068
3834	0.03406
3836	8.426E-5
3838	-0.09663
3840	-0.07997
3842	0.06058
3844	0.1122
3846	0.08755
3848	0.007171
3850	0.02871
3852	0.03619
3854	0.004013
3856	0.1066
3858	0.02828
3860	-0.04108
3862	-0.004367
3864	-0.08189
3866	-0.05347
3868	0.02621
3870	0.0486
3872	0.06089
3874	-0.02544
3876	-0.007048
3878	0.04009
3880	0.0322
3882	0.02123
3884	0.02473
3886	0.1093
3888	0.09434
3890	0.1203
3892	0.1199
3894	0.05805
3896	0.04799
3898	0.0749
3900	-0.01192
3902	0.09412
3904	-0.01428
3906	0.0125
3908	-0.005518
3910	-0.0184
3912	-0.003473
3914	-0.009094
3916	-0.03791
3918	-0.104
3920	-0.06902
3922	0.1161
3924	0.1546
3926	0.06441
3928	0.06343
3930	0.05411
3932	0.08218
3934	0.06349
3936	0.0554
3938	-0.07804
3940	-0.04275
3942	0.04308
3944	-0.01528
3946	-0.04721
3948	0.01454
3950	0.07755
3952	0.1051
3954	0.05414
3956	-0.002842
3958	0.03516
3960	0.001063
3962	0.01743
3964	0.1017
3966	0.134
3968	0.0724
3970	0.07164
3972	0.01714
3974	0.0731
3976	0.05074
3978	0.1652
3980	0.1076
3982	0.08497
3984	0.044
3986	0.03486
3988	0.05108
3990	0.0538
3992	-0.02548
3994	0.009124
3996	-0.08811
3998	0.02341
4000	0.1077
4002	-0.05097
4004	0.0816
4006	0.01317
4008	0.01315
4010	-0.0342
4012	0.06921
4014	0.04959
4016	-0.0207
4018	-0.01086
4020	0.0385
4022	0.0319
4024	0.05691
4026	0.04469
4028	0.09946
4030	0.09347
4032	0.08885
4034	0.02906
4036	0.02901
4038	0.1267
4040	0.005252
4042	0.0208
4044	0.01409
4046	0.00508
4048	0.008821
4050	-0.03105
4052	-0.01029
4054	0.0509
4056	-0.01325
4058	0.02081
4060	0.00973
4062	0.01077
4064	0.03728
4066	0.08753
4068	-0.04519
4070	-0.04429
4072	0.06626
4074	0.03463
4076	0.04203
4078	-0.01045
4080	-0.06961
4082	-0.06314
4084	0.009364
4086	0.07065
4088	0.02143
4090	0.02182
4092	0.08381
4094	0.05298
4096	0.05505
4098	0.06211
4100	0.04582
4102	-0.003125
4104	0.003343
4106	0.1055
4108	0.05714
4110	0.06981
4112	0.09419
4114	0.1384
4116	0.1454
4118	0.1035
4120	0.02359
4122	0.04809
4124	0.02855
4126	0.02284
4128	-0.06693
4130	-0.04676
4132	0.00876
4134	-0.09886
4136	-0.0661
4138	-0.03535
4140	0.07004
4142	0.1326
4144	-0.007683
4146	-0.05526
4148	-0.1495
4150	-0.1045
4152	-0.1083
4154	-0.1202
4156	-0.07689
4158	-0.05875
4160	-0.05699
4162	-0.1158
4164	-0.07346
4166	-0.08201
4168	-0.07169
4170	-0.02871
4172	-0.02885
4174	0.0345
4176	0.01435
4178	-0.06188
4180	-0.04136
4182	-0.03625
4184	-0.01467
4186	-0.01982
4188	-0.009798
4190	0.01189
4192	0.1052
4194	0.1098
4196	0.07381
4198	-0.005121
4200	0.07439
4202	0.02782
4204	0.04191
4206	0.05136
4208	0.01679
4210	-0.04356
4212	0.00509
4214	0.09838
4216	0.1032
4218	0.1134
4220	0.1181
4222	0.06731
4224	0.1067
4226	0.1671
4228	0.2005
4230	0.1291
4232	0.1694
4234	0.1763
4236	0.189
4238	0.09097
4240	0.1025
4242	-0.01921
4244	0.1028
4246	0.06872
4248	0.01905
4250	-0.001143
4252	-0.02795
4254	-0.07555
4256	-0.1335
4258	-0.1213
4260	-0.1637
4262	-0.1925
4264	-0.1773
4266	-0.1687
4268	-0.08654
4270	-0.03778
4272	-0.002926
4274	-0.01473
4276	0.04629
4278	0.0308
4280	-0.003656
4282	-0.02261
4284	-0.05535
4286	-0.07848
4288	0.03034
4290	6.603E-4
4292	-0.04227
4294	0.08278
4296	0.04404
4298	0.03609
4300	-0.01917
4302	-0.01541
4304	-0.06218
4306	-0.01763
4308	-0.06998
4310	-0.08541
4312	-0.08882
4314	-0.05012
4316	-0.08564
4318	-0.1565
4320	-0.003879
4322	-0.005712
4324	-0.09994
4326	-0.09598
4328	-0.07601
4330	-0.03644
4332	-0.02535
4334	0.01664
4336	-0.04211
4338	0.03673
4340	-0.06517
4342	-0.04782
4344	-0.0167
4346	-0.01848
4348	-0.04609
4350	-0.1373
4352	-0.1079
4354	-0.03407
4356	0.04195
4358	0.08048
4360	0.09784
4362	0.07153
4364	0.07797
4366	0.1077
4368	0.07004
4370	0.03526
4372	0.08353
4374	0.01729
4376	-0.05133
4378	0.001633
4380	-0.03674
4382	0.03147
4384	0.04534
4386	0.04206
4388	-0.03611
4390	-0.01622
4392	0.01384
4394	7.613E-4
4396	0.1211
4398	0.08101
4400	0.05738
4402	0.02834
4404	0.04145
4406	0.05295
4408	0.03219
4410	0.06979
4412	-0.06999
4414	0.00411
4416	0.04327
4418	0.1379
4420	0.1508
4422	0.1479
4424	0.1046
4426	0.07134
4428	0.02944
4430	-0.06493
4432	-0.07398
4434	0.02966
4436	0.02931
4438	-0.01972
4440	-0.01999
4442	0.01827
4444	0.08681
4446	0.06532
4448	0.06208
4450	0.01682
4452	0.01681
4454	-0.02669
4456	0.03983
4458	0.07077
4460	0.1018
4462	0.1683
4464	0.0971
4466	0.1132
4468	0.01497
4470	0.002656
4472	-0.01076
4474	-0.06705
4476	-0.06881
4478	-0.04217
4480	-0.06788
4482	-0.023
4484	0.001439
4486	-0.04386
4488	0.02655
4490	0.08682
4492	0.1614
4494	0.1123
4496	0.01381
4498	-0.03702
4500	-0.07773
4502	-0.1183
4504	-0.02544
4506	-0.02625
4508	-0.03493
4510	0.1296
4512	0.1409
4514	0.04813
4516	0.04193
4518	-0.01763
4520	0.019
4522	0.03466
4524	0.05745
4526	-7.364E-4
4528	0.0533
4530	0.08693
4532	0.1561
4534	0.1136
4536	0.02846
4538	0.05015
4540	0.1278
4542	0.05983
4544	0.1
4546	0.05719
4548	0.08254
4550	0.06848
4552	0.07591
4554	0.0539
4556	-0.02204
4558	-0.004591
4560	-0.05827
4562	0.0615
4564	0.03563
4566	0.1023
4568	0.09875
4570	0.08021
4572	0.09006
4574	0.1264
4576	0.0621
4578	0.08383
4580	0.1798
4582	0.1442
4584	0.1382
4586	0.04578
4588	0.03408
4590	0.05512
4592	0.02081
4594	0.01375
4596	0.03673
4598	0.05075
4600	0.08626
4602	-0.06539
4604	-0.02872
4606	0.006881
4608	0.005554
4610	-0.06951
4612	-0.0679
4614	-0.08338
4616	-0.1121
4618	-0.0701
4620	-0.1282
4622	-0.1322
4624	-0.1024
4626	0.004396
4628	-0.05495
4630	0.01183
4632	0.0326
4634	0.1366
4636	0.01632
4638	0.0687
4640	0.02452
4642	0.008146
4644	-0.06789
4646	-0.0617
4648	-0.08951
4650	-0.07141
4652	-0.1286
4654	-0.07628
4656	-0.1395
4658	-0.104
4660	-0.09356
4662	-0.1738
4664	-0.07816
4666	-0.09579
4668	-0.1549
4670	-0.1753
4672	-0.1437
4674	-0.1473
4676	-0.04249
4678	-0.05294
4680	-0.02014
4682	-0.02018
4684	-0.0288
4686	-0.01047
4688	-0.01336
4690	0.01451
4692	0.02536
4694	-0.02003
4696	-0.04416
4698	-0.03624
4700	0.005069
4702	-0.05124
4704	-0.02764
4706	-0.07048
4708	-0.07464
4710	-0.07214
4712	0.01738
4714	-0.08329
4716	0.003302
4718	-0.09568
4720	-0.0703
4722	-0.03542
4724	0.07204
4726	0.01767
4728	0.05058
4730	0.05457
4732	-0.05227
4734	-0.03959
4736	-0.005026
4738	0.06466
4740	0.09507
4742	0.08245
4744	0.03991
4746	0.01902
4748	0.1181
4750	0.1218
4752	0.1211
4754	0.1428
4756	0.1182
4758	0.115
4760	0.0838
4762	0.09749
4764	0.06929
4766	-0.006875
4768	0.07549
4770	0.05676
4772	-0.01632
4774	-0.03987
4776	-0.02142
4778	0.009766
4780	-0.04874
4782	0.03913
4784	0.1112
4786	-0.02045
4788	-0.01691
4790	-0.05855
4792	-0.005541
4794	-0.04014
4796	0.03951
4798	0.09199
4800	0.1978
4802	0.1555
4804	0.09475
4806	0.005861
4808	-0.03115
4810	-0.01614
4812	-0.03021
4814	-0.0454
4816	0.005555
4818	0.08024
4820	0.02741
4822	0.0238
4824	0.009291
4826	0.03356
4828	0.127
4830	0.08511
4832	-0.005669
4834	-0.02605
4836	0.0169
4838	0.04165
4840	0.0374
4842	-0.01009
4844	-0.05049
4846	-0.1057
4848	-0.03259
4850	0.003184
4852	0.007379
4854	0.01156
4856	0.02187
4858	0.1439
4860	0.1025
4862	0.07885
4864	0.007434
4866	0.05209
4868	-0.06122
4870	-0.04338
4872	0.005922
4874	-0.03828
4876	-0.06357
4878	-0.06801
4880	-0.03546
4882	-0.05663
4884	-0.01577
4886	-0.00691
4888	-0.01383
4890	-0.09439
4892	-0.03269
4894	-0.006882
4896	-0.05636
4898	-0.05549
4900	-0.02936
4902	-0.009669
4904	-0.06635
4906	-0.06473
4908	0.02102
4910	0.05992
4912	0.02966
4914	0.0229
4916	0.0707
4918	0.1033
4920	0.0373
4922	0.08568
4924	0.05026
4926	0.0949
4928	0.173
4930	0.1082
4932	0.03407
4934	0.01698
4936	-0.02715
4938	0.04315
4940	-0.005335
4942	0.03727
4944	0.03375
4946	-0.007702
4948	-0.0147
4950	0.01609
4952	0.0287
4954	0.09591
4956	0.1445
4958	0.1015
4960	0.0491
4962	0.03354
4964	-0.07438
4966	-0.0172
4968	-0.03699
4970	-5.615E-4
4972	0.02926
4974	-0.05677
4976	-0.06533
4978	0.04031
4980	0.03329
4982	0.05413
4984	0.04403
4986	0.006623
4988	0.01232
4990	0.01318
4992	-0.04716
4994	0.002062
4996	0.007449
4998	-0.05472
3000	0.2772
3002	0.08832
3004	0.2118
3006	0.3244
3008	0.3508
3010	0.2536
3012	0.1352
3014	0.1423
3016	0.1019
3018	0.2127
3020	0.2224
3022	0.1175
3024	-5.625E-4
3026	0.1636
3028	0.07995
3030	0.2025
3032	0.1613
3034	0.2167
3036	0.3578
3038	0.2013
3040	0.0274
3042	0.07011
3044	0.1989
3046	0.182
3048	0.1626
3050	0.1334
3052	0.09351
3054	0.2908
3056	0.2227
3058	0.1953
3060	0.2559
3062	0.3318
3064	0.1801
3066	0.07615
3068	0.1906
3070	0.1095
3072	0.2991
3074	0.1655
3076	0.2085
3078	0.2695
3080	0.3249
3082	0.3237
3084	0.4201
3086	0.2514
3088	0.2943
3090	0.2779
3092	0.193
3094	0.2236
3096	0.1722
3098	0.3524
3100	0.4327
3102	0.3279
3104	0.2053
3106	0.1781
3108	0.2506
3110	0.2955
3112	0.3721
3114	0.2036
3116	0.1959
3118	0.08363
3120	0.1691
3122	0.2206
3124	0.2411
3126	0.2619
3128	0.1702
3130	0.1404
3132	0.2933
3134	0.2555
3136	0.1773
3138	0.1441
3140	-0.05834
3142	0.04024
3144	0.1204
3146	0.02647
3148	0.006577
3150	0.0335
3152	0.141
3154	0.05868
3156	0.07317
3158	0.2114
3160	0.1785
3162	0.1503
3164	0.1833
3166	0.1915
3168	0.2265
3170	0.1679
3172	0.09111
3174	0.2127
3176	0.1062
3178	0.1935
3180	0.07492
3182	0.1946
3184	0.1225
3186	0.1219
3188	0.1746
3190	0.2023
3192	0.1685
3194	0.01436
3196	0.07821
3198	0.08925
3200	0.1333
3202	0.1817
3204	0.04728
3206	-0.03816
3208	-0.04783
3210	0.05692
3212	0.07899
3214	0.03188
3216	0.177
3218	0.1566
3220	0.1671
3222	0.2278
3224	0.1504
3226	0.2597
3228	0.2504
3230	0.1712
3232	0.1883
3234	0.1729
3236	0.271
3238	0.2258
3240	0.281
3242	0.3106
3244	0.2606
3246	0.2744
3248	0.1042
3250	0.07879
3252	0.0955
3254	0.1217
3256	0.1654
3258	0.1742
3260	0.05427
3262	0.0784
3264	0.1905
3266	0.03573
3268	0.1912
3270	0.07459
3272	0.1725
3274	0.09593
3276	0.135
3278	0.1549
3280	0.1108
3282	0.2326
3284	0.1968
3286	0.232
3288	0.244
3290	0.3382
3292	0.2586
3294	0.1556
3296	0.2194
3298	0.3151
3300	0.1224
3302	0.1178
3304	0.2129
3306	0.3169
3308	0.219
3310	0.2935
3312	0.2365
3314	0.2296
3316	0.1556
3318	0.05618
3320	0.106
3322	0.1137
3324	0.2194
3326	0.3089
3328	0.1344
3330	0.1174
3332	-0.00697
3334	0.1486
3336	0.05656
3338	0.07898
3340	0.2001
3342	0.1464
3344	0.152
3346	0.1493
3348	0.03811
3350	0.1268
3352	0.07347
3354	-0.03286
3356	0.01485
3358	0.2249
3360	0.2498
3362	0.07676
3364	0.0363
3366	0.2077
3368	0.2939
3370	0.2278
3372	0.03351
3374	0.1539
3376	0.3114
3378	0.2001
3380	0.1642
3382	0.2452
3384	0.2219
3386	0.1894
3388	0.2816
3390	0.1497
3392	0.1982
3394	0.1277
3396	0.2064
3398	0.206
3400	0.1359
3402	0.1454
3404	0.2843
3406	0.1966
3408	0.2034
3410	0.1805
3412	0.09778
3414	0.2964
3416	0.3268
3418	0.2916
3420	0.1946
3422	0.1077
3424	0.2374
3426	0.2192
3428	0.1496
3430	0.2108
3432	0.3084
3434	0.2498
3436	0.2048
3438	0.2528
3440	0.313
3442	0.2079
3444	0.189
3446	0.02737
3448	0.09842
3450	0.1833
3452	0.2024
3454	0.4592
3456	0.4841
3458	0.3604
3460	0.3034
3462	0.1766
3464	0.1702
3466	0.2723
3468	0.2989
3470	0.3013
3472	0.2546
3474	0.3776
3476	0.3834
3478	0.2315
3480	0.2911
3482	0.244
3484	0.1497
3486	-0.003742
3488	0.02426
3490	0.144
3492	0.1173
3494	0.06017
3496	-0.006101
3498	0.1239
3500	0.1626
3502	0.401
3504	0.3221
3506	0.189
3508	0.2429
3510	0.2318
3512	0.2685
3514	0.2272
3516	0.2483
3518	0.2244
3520	0.1852
3522	0.2556
3524	0.1433
3526	0.1853
3528	0.2056
3530	0.4004
3532	0.2194
3534	0.1653
3536	0.2266
3538	0.2572
3540	0.132
3542	0.1152
3544	0.2778
3546	0.297
3548	0.2822
3550	0.06935
3552	0.1682
3554	0.164
3556	0.0032
3558	0.06441
3560	0.1078
3562	0.1667
3564	0.02881
3566	0.212
3568	0.1351
3570	0.2389
3572	0.2249
3574	0.1511
3576	0.256
3578	0.1527
3580	0.1586
3582	0.1819
3584	0.1313
3586	0.2023
3588	0.1121
3590	0.168
3592	0.1384
3594	0.06506
3596	0.2186
3598	0.1375
3600	0.1309
3602	0.05346
3604	0.07057
3606	0.1264
3608	0.06327
3610	0.1852
3612	0.1983
3614	0.2329
3616	0.1673
3618	-0.01444
3620	0.1206
3622	0.1076
3624	0.05964
3626	0.06041
3628	0.1336
3630	0.1394
3632	0.1678
3634	0.223
3636	0.3515
3638	0.1715
3640	0.1295
3642	0.0952
3644	0.1715
3646	0.1629
3648	0.03671
3650	0.1926
3652	0.106
3654	-0.0309
3656	0.06028
3658	0.09088
3660	0.1339
3662	0.107
3664	0.1481
3666	0.142
3668	0.03048
3670	0.1658
3672	0.1874
3674	0.2232
3676	0.2538
3678	0.1952
3680	0.2057
3682	0.1232
3684	0.06752
3686	0.04005
3688	0.1997
3690	0.2385
3692	0.1938
3694	0.3208
3696	0.2008
3698	0.2395
3700	0.2187
3702	0.1266
3704	0.2818
3706	0.2947
3708	0.191
3710	0.166
3712	0.1549
3714	0.1849
3716	0.1941
3718	0.04952
3720	0.09353
3722	0.06322
3724	0.1046
3726	0.1812
3728	0.1721
3730	0.1667
3732	0.06512
3734	0.06261
3736	0.1591
3738	0.1829
3740	0.1969
3742	0.1612
3744	0.1476
3746	0.1474
3748	0.2199
3750	0.1576
3752	0.1816
3754	0.1023
3756	0.1465
3758	0.05319
3760	0.1972
3762	0.1311
3764	0.2273
3766	0.1923
3768	0.1064
3770	0.1811
3772	0.09327
3774	0.08295
3776	0.1812
3778	0.1902
3780	0.1675
3782	0.09888
3784	0.1564
3786	0.2089
3788	0.2182
3790	0.02521
3792	0.1485
3794	0.09135
3796	0.2145
3798	0.2063
3800	0.2245
3802	0.1752
3804	0.182
3806	0.3463
3808	0.4132
3810	0.2562
3812	0.116
3814	0.1506
3816	0.143
3818	0.2199
3820	0.1529
3822	0.1051
3824	0.2118
3826	0.122
3828	0.04325
3830	0.1314
3832	0.1573
3834	-0.003391
3836	0.1524
3838	0.1648
3840	0.1907
3842	0.1087
3844	0.1076
3846	0.2745
3848	0.2413
3850	0.2345
3852	0.2738
3854	0.2485
3856	0.2242
3858	0.2626
3860	0.3275
3862	0.1526
3864	0.06761
3866	0.1301
3868	0.07744
3870	0.3338
3872	0.2318
3874	0.2239
3876	0.1814
3878	0.1937
3880	0.1685
3882	0.2188
3884	0.2989
3886	0.1652
3888	0.2153
3890	0.2435
3892	0.2709
3894	0.07133
3896	-0.01513
3898	0.1625
3900	0.2841
3902	0.2603
3904	0.1179
3906	0.1885
3908	0.1022
3910	0.3028
3912	0.1878
3914	0.1739
3916	0.2318
3918	0.2928
3920	0.1558
3922	0.2553
3924	0.2182
3926	0.2312
3928	0.2338
3930	0.3047
3932	0.3158
3934	0.2809
3936	0.09316
3938	0.2351
3940	0.08676
3942	0.08963
3944	0.105
3946	0.2573
3948	0.227
3950	0.174
3952	0.2672
3954	0.1951
3956	0.2591
3958	0.1245
3960	0.1717
3962	0.3142
3964	0.229
3966	0.2129
3968	0.1557
3970	0.1196
3972	0.1951
3974	0.1749
3976	0.1623
3978	0.04471
3980	0.1447
3982	0.2214
3984	0.2339
3986	0.07178
3988	0.1629
3990	0.2013
3992	0.1788
3994	0.2572
3996	0.2593
3998	0.1257
4000	0.1953
4002	0.2433
4004	0.02478
4006	0.15
4008	0.1093
4010	0.1455
4012	0.2111
4014	0.3247
4016	0.3186
4018	0.3286
4020	0.2347
4022	0.1932
4024	0.1437
4026	0.09983
4028	0.1209
4030	0.2178
4032	0.149
4034	0.216
4036	0.02126
4038	0.06268
4040	0.126
4042	0.3189
4044	0.09881
4046	0.2237
4048	0.2216
4050	0.2016
4052	0.2177
4054	0.1148
4056	0.2834
4058	0.2842
4060	0.2246
4062	0.142
4064	0.1889
4066	0.04251
4068	0.2357
4070	0.1532
4072	0.1702
4074	0.1496
4076	0.155
4078	0.08343
4080	0.168
4082	0.2152
4084	0.2231
4086	0.1925
4088	0.3241
4090	0.1984
4092	0.1585
4094	0.2319
4096	0.1692
4098	0.1968
4100	0.1455
4102	0.1432
4104	0.2804
4106	0.1997
4108	0.1254
4110	0.2492
4112	0.3054
4114	0.2983
4116	0.3139
4118	0.1808
4120	0.1078
4122	0.2548
4124	0.1022
4126	0.1746
4128	0.2954
4130	0.3175
4132	0.2605
4134	0.2098
4136	0.2445
4138	0.1136
4140	-0.01463
4142	0.1837
4144	0.2062
4146	0.1759
4148	0.105
4150	0.05401
4152	0.1953
4154	0.1742
4156	0.1037
4158	0.2029
4160	0.2312
4162	0.1452
4164	0.00746
4166	-0.2144
4168	-0.02244
4170	0.1404
4172	0.1543
4174	0.05019
4176	0.004747
4178	0.09433
4180	0.09655
4182	0.2862
4184	0.2339
4186	0.1458
4188	0.1499
4190	0.2701
4192	0.2573
4194	0.1708
4196	0.2816
4198	0.282
4200	0.1821
4202	0.2626
4204	0.01306
4206	0.08525
4208	0.08918
4210	0.06214
4212	0.1804
4214	0.1632
4216	0.3029
4218	0.1324
4220	0.2011
4222	0.2637
4224	0.3988
4226	0.2874
4228	0.2979
4230	0.2846
4232	0.2117
4234	0.3165
4236	0.3978
4238	0.2093
4240	0.1385
4242	0.2142
4244	0.09324
4246	0.2078
4248	0.2359
4250	0.1979
4252	0.1194
4254	0.2541
4256	0.328
4258	0.2767
4260	0.1935
4262	0.05115
4264	0.04603
4266	0.1225
4268	0.06186
4270	0.07386
4272	0.1113
4274	0.1633
4276	0.1413
4278	-0.01464
4280	0.009739
4282	0.1962
4284	0.137
4286	0.1403
4288	0.05679
4290	0.1931
4292	0.05105
4294	0.1255
4296	0.1074
4298	0.1252
4300	0.2868
4302	0.2051
4304	0.1014
4306	0.1738
4308	0.181
4310	0.09111
4312	0.2214
4314	0.103
4316	0.03811
4318	0.006689
4320	0.1634
4322	0.102
4324	0.01847
4326	0.1535
4328	0.1658
4330	0.2704
4332	0.09838
4334	0.1327
4336	0.1372
4338	0.2518
4340	0.1685
4342	0.1722
4344	0.08738
4346	0.2311
4348	0.08495
4350	0.1306
4352	0.01162
4354	0.1121
4356	0.1974
4358	0.2249
4360	0.237
4362	0.277
4364	0.1667
4366	0.2125
4368	0.1638
4370	0.2761
4372	0.1914
4374	0.1871
4376	0.07049
4378	0.09958
4380	0.05356
4382	0.06946
4384	0.1715
4386	0.2611
4388	0.3259
4390	0.2291
4392	0.3005
4394	0.1864
4396	0.2507
4398	0.1219
4400	0.09733
4402	0.1443
4404	0.156
4406	0.06437
4408	0.1505
4410	0.2669
4412	0.2999
4414	0.3293
4416	0.2983
4418	0.2423
4420	0.3081
4422	0.1667
4424	0.1312
4426	0.1621
4428	0.1791
4430	0.2946
4432	0.1802
4434	0.1376
4436	0.1458
4438	0.286
4440	0.2604
4442	0.1574
4444	0.3229
4446	0.1583
4448	0.3008
4450	0.275
4452	0.2993
4454	0.2034
4456	0.2076
4458	0.2056
4460	0.3315
4462	0.1811
4464	0.277
4466	0.1889
4468	0.1535
4470	0.1762
4472	0.08186
4474	0.1216
4476	0.1144
4478	0.1585
4480	0.2033
4482	0.1084
4484	0.1905
4486	0.2361
4488	0.318
4490	0.3107
4492	0.2604
4494	0.238
4496	0.3166
4498	0.2347
4500	0.04853
4502	0.09152
4504	0.1167
4506	0.0883
4508	0.201
4510	0.2949
4512	0.1128
4514	0.1894
4516	0.225
4518	0.3202
4520	0.1792
4522	0.3328
4524	0.1426
4526	0.2984
4528	0.2288
4530	0.2158
4532	0.2414
4534	0.3699
4536	0.2775
4538	0.3217
4540	0.306
4542	0.2726
4544	0.2628
4546	0.1345
4548	0.2483
4550	0.144
4552	0.1939
4554	0.2624
4556	0.1735
4558	0.09791
4560	0.1318
4562	0.1846
4564	0.3122
4566	0.1201
4568	0.4075
4570	0.2536
4572	0.3201
4574	0.2315
4576	0.2276
4578	0.2658
4580	0.2531
4582	0.2545
4584	0.3004
4586	0.2628
4588	0.1393
4590	0.3041
4592	0.2449
4594	0.2729
4596	0.1668
4598	0.3011
4600	0.2095
4602	0.174
4604	0.08553
4606	0.224
4608	0.1988
4610	0.139
4612	0.1623
4614	0.06431
4616	0.0958
4618	-0.06803
4620	0.03055
4622	0.1758
4624	0.1334
4626	0.2646
4628	0.2753
4630	0.1293
4632	0.09611
4634	0.1422
4636	0.1642
4638	0.1687
4640	0.0436
4642	0.1734
4644	0.2364
4646	0.2442
4648	0.1557
4650	0.1738
4652	0.1882
4654	0.07948
4656	0.1456
4658	0.1593
4660	0.06541
4662	0.04541
4664	0.01051
4666	0.05172
4668	0.09651
4670	0.09889
4672	0.1387
4674	0.1366
4676	0.1987
4678	0.2451
4680	0.1991
4682	0.0427
4684	0.014
4686	0.07868
4688	0.1257
4690	0.22
4692	0.186
4694	0.1274
4696	0.1714
4698	0.1908
4700	0.1444
4702	0.2178
4704	0.3413
4706	0.1636
4708	0.1493
4710	0.2187
4712	0.1509
4714	0.2349
4716	0.2453
4718	0.1148
4720	0.09196
4722	0.2888
4724	0.2434
4726	0.2607
4728	0.2675
4730	0.241
4732	0.2175
4734	0.2164
4736	0.2569
4738	0.3473
4740	0.3053
4742	0.1283
4744	0.1732
4746	0.2545
4748	0.2617
4750	0.162
4752	0.2312
4754	0.2937
4756	0.4122
4758	0.2436
4760	0.07573
4762	0.1203
4764	0.1642
4766	0.1992
4768	0.3197
4770	0.2506
4772	0.1451
4774	0.1933
4776	0.1081
4778	0.1885
4780	0.2401
4782	0.1394
4784	0.1593
4786	0.09742
4788	0.2365
4790	0.2888
4792	0.3012
4794	0.222
4796	0.2226
4798	0.2229
4800	0.1853
4802	0.1676
4804	0.1466
4806	0.1044
4808	0.185
4810	0.2935
4812	0.2694
4814	0.1872
4816	0.2701
4818	0.0931
4820	0.1513
4822	0.2834
4824	0.1973
4826	0.09225
4828	0.0654
4830	0.2172
4832	0.1339
4834	0.1269
4836	0.1514
4838	0.2086
4840	-0.00383
4842	0.04132
4844	0.2197
4846	0.1913
4848	0.1161
4850	0.1708
4852	0.08289
4854	0.2071
4856	0.3425
4858	0.2482
4860	0.2228
4862	0.1791
4864	0.3202
4866	0.1083
4868	0.1068
4870	0.05369
4872	0.09478
4874	0.09496
4876	0.1453
4878	0.06628
4880	-0.02461
4882	0.0548
4884	0.05186
4886	0.1082
4888	0.1709
4890	0.1802
4892	0.2814
4894	0.2151
4896	0.1913
4898	0.2167
4900	0.1635
4902	0.2134
4904	0.1465
4906	0.2362
4908	0.1708
4910	0.1653
4912	0.1078
4914	0.1587
4916	0.2736
4918	0.1681
4920	0.1451
4922	0.3609
4924	0.2058
4926	0.2503
4928	0.2402
4930	0.2318
4932	0.1307
4934	0.1442
4936	0.09034
4938	0.1031
4940	0.2296
4942	0.1965
4944	0.1829
4946	0.2278
4948	0.241
4950	0.2099
4952	0.2403
4954	0.2653
4956	0.2549
4958	0.2832
4960	0.3
4962	0.2393
4964	0.133
4966	0.1709
4968	0.2498
4970	0.1623
4972	0.1419
4974	0.1636
4976	0.3033
4978	0.2641
4980	0.1416
4982	0.1568
4984	0.2736
4986	0.2059
4988	0.1088
4990	0.2676
4992	0.2105
4994	0.1735
4996	-0.01733
4998	0.2012
