alpha[1]	1	1000
alpha[2]	1001	2000
alpha[3]	2001	3000
alpha[4]	3001	4000
alpha[5]	4001	5000
alpha[6]	5001	6000
alpha[7]	6001	7000
alpha[8]	7001	8000
alpha[9]	8001	9000
alpha[10]	9001	10000
alpha[11]	10001	11000
alpha[12]	11001	12000
alpha[13]	12001	13000
alpha[14]	13001	14000
alpha[15]	14001	15000
alpha[16]	15001	16000
alpha[17]	16001	17000
alpha[18]	17001	18000
alpha[19]	18001	19000
alpha[20]	19001	20000
alpha[21]	20001	21000
alpha[22]	21001	22000
alpha[23]	22001	23000
alpha[24]	23001	24000
alpha[25]	24001	25000
alpha[26]	25001	26000
alpha[27]	26001	27000
alpha[28]	27001	28000
alpha[29]	28001	29000
alpha[30]	29001	30000
alpha[31]	30001	31000
alpha[32]	31001	32000
alpha[33]	32001	33000
alpha[34]	33001	34000
alpha[35]	34001	35000
alpha[36]	35001	36000
alpha[37]	36001	37000
alpha[38]	37001	38000
alpha[39]	38001	39000
alpha[40]	39001	40000
alpha[41]	40001	41000
alpha[42]	41001	42000
alpha[43]	42001	43000
alpha[44]	43001	44000
alpha[45]	44001	45000
alpha[46]	45001	46000
alpha[47]	46001	47000
alpha[48]	47001	48000
alpha[49]	48001	49000
alpha[50]	49001	50000
alpha[51]	50001	51000
alpha[52]	51001	52000
alpha[53]	52001	53000
alpha[54]	53001	54000
alpha[55]	54001	55000
alpha[56]	55001	56000
alpha[57]	56001	57000
alpha[58]	57001	58000
alpha[59]	58001	59000
alpha[60]	59001	60000
alpha[61]	60001	61000
alpha[62]	61001	62000
alpha[63]	62001	63000
alpha[64]	63001	64000
alpha[65]	64001	65000
alpha[66]	65001	66000
alpha[67]	66001	67000
alpha[68]	67001	68000
alpha[69]	68001	69000
alpha[70]	69001	70000
alpha[71]	70001	71000
alpha[72]	71001	72000
alpha[73]	72001	73000
alpha[74]	73001	74000
alpha[75]	74001	75000
alpha[76]	75001	76000
alpha[77]	76001	77000
alpha[78]	77001	78000
alpha[79]	78001	79000
alpha[80]	79001	80000
alpha[81]	80001	81000
alpha[82]	81001	82000
alpha[83]	82001	83000
alpha[84]	83001	84000
alpha[85]	84001	85000
alpha[86]	85001	86000
alpha[87]	86001	87000
alpha[88]	87001	88000
alpha[89]	88001	89000
alpha[90]	89001	90000
alpha[91]	90001	91000
alpha[92]	91001	92000
alpha[93]	92001	93000
alpha[94]	93001	94000
alpha[95]	94001	95000
alpha[96]	95001	96000
alpha[97]	96001	97000
alpha[98]	97001	98000
alpha[99]	98001	99000
alpha[100]	99001	100000
alpha[101]	100001	101000
alpha[102]	101001	102000
alpha[103]	102001	103000
alpha[104]	103001	104000
alpha[105]	104001	105000
alpha[106]	105001	106000
alpha[107]	106001	107000
alpha[108]	107001	108000
alpha[109]	108001	109000
alpha[110]	109001	110000
alpha[111]	110001	111000
alpha[112]	111001	112000
alpha[113]	112001	113000
alpha[114]	113001	114000
alpha[115]	114001	115000
alpha[116]	115001	116000
alpha[117]	116001	117000
alpha[118]	117001	118000
alpha[119]	118001	119000
alpha[120]	119001	120000
alpha[121]	120001	121000
alpha[122]	121001	122000
alpha[123]	122001	123000
alpha[124]	123001	124000
alpha[125]	124001	125000
alpha[126]	125001	126000
alpha[127]	126001	127000
alpha[128]	127001	128000
alpha[129]	128001	129000
alpha[130]	129001	130000
alpha[131]	130001	131000
alpha[132]	131001	132000
alpha[133]	132001	133000
alpha[134]	133001	134000
alpha[135]	134001	135000
alpha[136]	135001	136000
alpha[137]	136001	137000
alpha[138]	137001	138000
alpha[139]	138001	139000
alpha[140]	139001	140000
alpha[141]	140001	141000
alpha[142]	141001	142000
alpha[143]	142001	143000
alpha[144]	143001	144000
alpha[145]	144001	145000
alpha[146]	145001	146000
alpha[147]	146001	147000
alpha[148]	147001	148000
alpha[149]	148001	149000
alpha[150]	149001	150000
alpha[151]	150001	151000
alpha[152]	151001	152000
alpha[153]	152001	153000
alpha[154]	153001	154000
alpha[155]	154001	155000
alpha[156]	155001	156000
alpha[157]	156001	157000
alpha[158]	157001	158000
alpha[159]	158001	159000
alpha[160]	159001	160000
alpha[161]	160001	161000
alpha[162]	161001	162000
alpha[163]	162001	163000
alpha[164]	163001	164000
alpha[165]	164001	165000
alpha[166]	165001	166000
alpha[167]	166001	167000
alpha[168]	167001	168000
alpha[169]	168001	169000
alpha[170]	169001	170000
alpha[171]	170001	171000
alpha[172]	171001	172000
alpha[173]	172001	173000
alpha[174]	173001	174000
alpha[175]	174001	175000
alpha[176]	175001	176000
alpha[177]	176001	177000
alpha[178]	177001	178000
alpha[179]	178001	179000
alpha[180]	179001	180000
alpha[181]	180001	181000
alpha[182]	181001	182000
alpha[183]	182001	183000
alpha[184]	183001	184000
alpha[185]	184001	185000
alpha[186]	185001	186000
alpha[187]	186001	187000
alpha[188]	187001	188000
alpha[189]	188001	189000
alpha[190]	189001	190000
alpha[191]	190001	191000
alpha[192]	191001	192000
alpha[193]	192001	193000
alpha[194]	193001	194000
alpha[195]	194001	195000
alpha[196]	195001	196000
alpha[197]	196001	197000
alpha[198]	197001	198000
alpha[199]	198001	199000
alpha[200]	199001	200000
alpha[201]	200001	201000
alpha[202]	201001	202000
alpha[203]	202001	203000
alpha[204]	203001	204000
alpha[205]	204001	205000
alpha[206]	205001	206000
alpha[207]	206001	207000
alpha[208]	207001	208000
alpha[209]	208001	209000
alpha[210]	209001	210000
alpha[211]	210001	211000
alpha[212]	211001	212000
alpha[213]	212001	213000
alpha[214]	213001	214000
alpha[215]	214001	215000
alpha[216]	215001	216000
alpha[217]	216001	217000
alpha[218]	217001	218000
alpha[219]	218001	219000
alpha[220]	219001	220000
alpha[221]	220001	221000
alpha[222]	221001	222000
alpha[223]	222001	223000
alpha[224]	223001	224000
alpha[225]	224001	225000
alpha[226]	225001	226000
alpha[227]	226001	227000
alpha[228]	227001	228000
alpha[229]	228001	229000
alpha[230]	229001	230000
alpha[231]	230001	231000
alpha[232]	231001	232000
alpha[233]	232001	233000
alpha[234]	233001	234000
alpha[235]	234001	235000
alpha[236]	235001	236000
alpha[237]	236001	237000
alpha[238]	237001	238000
alpha[239]	238001	239000
alpha[240]	239001	240000
alpha[241]	240001	241000
alpha[242]	241001	242000
alpha[243]	242001	243000
alpha[244]	243001	244000
alpha[245]	244001	245000
alpha[246]	245001	246000
alpha[247]	246001	247000
alpha[248]	247001	248000
alpha[249]	248001	249000
alpha[250]	249001	250000
alpha[251]	250001	251000
alpha[252]	251001	252000
alpha[253]	252001	253000
alpha[254]	253001	254000
alpha[255]	254001	255000
alpha[256]	255001	256000
alpha[257]	256001	257000
alpha[258]	257001	258000
alpha[259]	258001	259000
alpha[260]	259001	260000
alpha[261]	260001	261000
alpha[262]	261001	262000
alpha[263]	262001	263000
alpha[264]	263001	264000
alpha[265]	264001	265000
alpha[266]	265001	266000
alpha[267]	266001	267000
alpha[268]	267001	268000
alpha[269]	268001	269000
alpha[270]	269001	270000
alpha[271]	270001	271000
alpha[272]	271001	272000
alpha[273]	272001	273000
alpha[274]	273001	274000
alpha[275]	274001	275000
alpha[276]	275001	276000
alpha[277]	276001	277000
alpha[278]	277001	278000
alpha[279]	278001	279000
alpha[280]	279001	280000
alpha[281]	280001	281000
alpha[282]	281001	282000
alpha[283]	282001	283000
alpha[284]	283001	284000
alpha[285]	284001	285000
alpha[286]	285001	286000
alpha[287]	286001	287000
alpha[288]	287001	288000
alpha[289]	288001	289000
alpha[290]	289001	290000
alpha[291]	290001	291000
alpha[292]	291001	292000
alpha[293]	292001	293000
alpha[294]	293001	294000
alpha[295]	294001	295000
alpha[296]	295001	296000
alpha[297]	296001	297000
alpha[298]	297001	298000
alpha[299]	298001	299000
alpha[300]	299001	300000
