2000	-0.05986
2005	-0.06606
2010	-0.06139
2015	-0.06614
2020	-0.0622
2025	-0.04997
2030	-0.0559
2035	-0.05409
2040	-0.04835
2045	-0.04918
2050	-0.0431
2055	-0.05062
2060	-0.04439
2065	-0.04996
2070	-0.03892
2075	-0.03672
2080	-0.03669
2085	-0.03742
2090	-0.0305
2095	-0.02891
2100	-0.0338
2105	-0.03205
2110	-0.03134
2115	-0.03396
2120	-0.02209
2125	-0.01317
2130	-0.01643
2135	-0.01471
2140	-0.01349
2145	-0.01193
2150	-0.01607
2155	-0.01699
2160	-0.02642
2165	-0.02985
2170	-0.02867
2175	-0.02948
2180	-0.03199
2185	-0.03098
2190	-0.03335
2195	-0.03151
2200	-0.02501
2205	-0.02448
2210	-0.02376
2215	-0.02125
2220	-0.017
2225	-0.02071
2230	-0.01906
2235	-0.01804
2240	-0.01925
2245	-0.01792
2250	-0.01436
2255	-0.01592
2260	-0.02496
2265	-0.01991
2270	-0.01677
2275	-0.01212
2280	-0.01208
2285	-0.008951
2290	-0.00779
2295	-0.01331
2300	-0.0159
2305	-0.01512
2310	-0.02377
2315	-0.02062
2320	-0.03008
2325	-0.03213
2330	-0.03255
2335	-0.0324
2340	-0.01965
2345	-0.01647
2350	-0.02097
2355	-0.02046
2360	-0.02172
2365	-0.01583
2370	-0.00917
2375	-0.009805
2380	-0.005955
2385	-0.002085
2390	-0.01157
2395	-0.006973
2400	-0.01444
2405	-0.01802
2410	-0.02083
2415	-0.02782
2420	-0.02547
2425	-0.02258
2430	-0.0186
2435	-0.01776
2440	-0.01979
2445	-0.02937
2450	-0.0228
2455	-0.02438
2460	-0.02034
2465	-0.02361
2470	-0.02198
2475	-0.02973
2480	-0.02011
2485	-0.02533
2490	-0.02061
2495	-0.02185
2500	-0.02126
2505	-0.02193
2510	-0.02687
2515	-0.02648
2520	-0.03357
2525	-0.03255
2530	-0.02594
2535	-0.03094
2540	-0.03183
2545	-0.03178
2550	-0.03136
2555	-0.03705
2560	-0.02816
2565	-0.03991
2570	-0.04061
2575	-0.04192
2580	-0.03346
2585	-0.04524
2590	-0.04546
2595	-0.03886
2600	-0.04107
2605	-0.04113
2610	-0.0509
2615	-0.0528
2620	-0.05225
2625	-0.0471
2630	-0.04823
2635	-0.04419
2640	-0.0442
2645	-0.03909
2650	-0.04038
2655	-0.03899
2660	-0.05014
2665	-0.05392
2670	-0.05153
2675	-0.05274
2680	-0.06512
2685	-0.05736
2690	-0.05369
2695	-0.05076
2700	-0.04707
2705	-0.05619
2710	-0.05786
2715	-0.06559
2720	-0.06271
2725	-0.06531
2730	-0.06697
2735	-0.06644
2740	-0.07056
2745	-0.0598
2750	-0.05533
2755	-0.0482
2760	-0.04537
2765	-0.04708
2770	-0.04424
2775	-0.05626
2780	-0.04778
2785	-0.04772
2790	-0.05277
2795	-0.06076
2800	-0.05389
2805	-0.04761
2810	-0.03473
2815	-0.03565
2820	-0.03612
2825	-0.04119
2830	-0.04198
2835	-0.03612
2840	-0.02989
2845	-0.02886
2850	-0.02609
2855	-0.03137
2860	-0.02527
2865	-0.02261
2870	-0.02083
2875	-0.02292
2880	-0.02096
2885	-0.01856
2890	-0.02322
2895	-0.02688
2900	-0.02588
2905	-0.02643
2910	-0.03266
2915	-0.0329
2920	-0.02944
2925	-0.03283
2930	-0.03518
2935	-0.03131
2940	-0.03295
2945	-0.03785
2950	-0.0374
2955	-0.04428
2960	-0.04964
2965	-0.04938
2970	-0.04685
2975	-0.04246
2980	-0.04749
2985	-0.0458
2990	-0.03744
2995	-0.03328
3000	-0.02918
3005	-0.02878
3010	-0.02851
3015	-0.03387
3020	-0.04068
3025	-0.04039
3030	-0.04633
3035	-0.03967
3040	-0.04016
3045	-0.03971
3050	-0.0385
3055	-0.03352
3060	-0.03307
3065	-0.02323
3070	-0.02629
3075	-0.03256
3080	-0.04319
3085	-0.03775
3090	-0.02955
3095	-0.02449
3100	-0.02863
3105	-0.02546
3110	-0.03306
3115	-0.04146
3120	-0.05545
3125	-0.05186
3130	-0.05256
3135	-0.04799
3140	-0.04843
3145	-0.05125
3150	-0.05829
3155	-0.05284
3160	-0.0512
3165	-0.05198
3170	-0.0517
3175	-0.05129
3180	-0.04689
3185	-0.05208
3190	-0.06532
3195	-0.0572
3200	-0.05612
3205	-0.05938
3210	-0.0564
3215	-0.04554
3220	-0.04328
3225	-0.04153
3230	-0.03308
3235	-0.04192
3240	-0.03217
3245	-0.02712
3250	-0.02635
3255	-0.02007
3260	-0.02378
3265	-0.01803
3270	-0.01227
3275	-0.02639
3280	-0.0329
3285	-0.0303
3290	-0.02929
3295	-0.03803
3300	-0.03791
3305	-0.03082
3310	-0.02695
3315	-0.02337
3320	-0.0273
3325	-0.02226
3330	-0.02797
3335	-0.02364
3340	-0.01572
3345	-0.02273
3350	-0.02119
3355	-0.0185
3360	-0.02437
3365	-0.03073
3370	-0.03627
3375	-0.04372
3380	-0.04282
3385	-0.04465
3390	-0.04279
3395	-0.04494
3400	-0.04125
3405	-0.04291
3410	-0.04462
3415	-0.04454
3420	-0.03872
3425	-0.041
3430	-0.03857
3435	-0.04046
3440	-0.03598
3445	-0.03192
3450	-0.02586
3455	-0.02511
3460	-0.01825
3465	-0.0163
3470	-0.02082
3475	-0.02136
3480	-0.01862
3485	-0.01257
3490	-0.01824
3495	-0.02252
3500	-0.02064
3505	-0.02804
3510	-0.03312
3515	-0.03279
3520	-0.0215
3525	-0.02428
3530	-0.02055
3535	-0.01538
3540	-0.02368
3545	-0.02771
3550	-0.02214
3555	-0.02401
3560	-0.03019
3565	-0.03264
3570	-0.0309
3575	-0.03323
3580	-0.03629
3585	-0.03914
3590	-0.03391
3595	-0.02564
3600	-0.02448
3605	-0.02691
3610	-0.0257
3615	-0.02028
3620	-0.01101
3625	-0.007247
3630	-0.004495
3635	-0.005185
3640	-0.01176
3645	-0.006761
3650	0.006848
3655	0.008025
3660	0.01532
3665	0.01607
3670	0.004207
3675	-0.006098
3680	-0.01405
3685	-0.0117
3690	-0.02231
3695	-0.03568
3700	-0.0283
3705	-0.02557
3710	-0.02272
3715	-0.02561
3720	-0.03836
3725	-0.0478
3730	-0.05317
3735	-0.05199
3740	-0.04278
3745	-0.04609
3750	-0.04677
3755	-0.04565
3760	-0.04599
3765	-0.04988
3770	-0.06019
3775	-0.05383
3780	-0.05
3785	-0.04232
3790	-0.02819
3795	-0.03499
3800	-0.03358
3805	-0.03647
3810	-0.04496
3815	-0.04189
3820	-0.04683
3825	-0.05387
3830	-0.05253
3835	-0.05876
3840	-0.06983
3845	-0.07122
3850	-0.07797
3855	-0.06511
3860	-0.05454
3865	-0.05469
3870	-0.06025
3875	-0.05513
3880	-0.06125
3885	-0.04998
3890	-0.04548
3895	-0.04101
3900	-0.04515
3905	-0.03089
3910	-0.02995
3915	-0.03065
3920	-0.03071
3925	-0.04118
3930	-0.04076
3935	-0.04231
3940	-0.03251
3945	-0.03107
3950	-0.03377
3955	-0.04023
3960	-0.04318
3965	-0.04011
3970	-0.04016
3975	-0.03244
3980	-0.03424
3985	-0.03921
3990	-0.03329
3995	-0.0377
4000	-0.0353
4005	-0.03575
4010	-0.04042
4015	-0.04279
4020	-0.04617
4025	-0.04499
4030	-0.05168
4035	-0.05071
4040	-0.05554
4045	-0.05801
4050	-0.05014
4055	-0.05051
4060	-0.05676
4065	-0.05243
4070	-0.04781
4075	-0.04923
4080	-0.05206
4085	-0.04643
4090	-0.04587
4095	-0.04547
4100	-0.04102
4105	-0.04488
4110	-0.04652
4115	-0.04129
4120	-0.04605
4125	-0.0475
4130	-0.04793
4135	-0.04006
4140	-0.04053
4145	-0.03543
4150	-0.02833
4155	-0.02642
4160	-0.03497
4165	-0.04
4170	-0.03024
4175	-0.03268
4180	-0.03176
4185	-0.03677
4190	-0.03659
4195	-0.03876
4200	-0.03513
4205	-0.0403
4210	-0.04176
4215	-0.04744
4220	-0.0551
4225	-0.05725
4230	-0.05098
4235	-0.05635
4240	-0.05678
4245	-0.05864
4250	-0.06517
4255	-0.06042
4260	-0.06902
4265	-0.07473
4270	-0.06993
4275	-0.06052
4280	-0.06164
4285	-0.07006
4290	-0.07051
4295	-0.05933
4300	-0.05872
4305	-0.05955
4310	-0.05368
4315	-0.0543
4320	-0.04878
4325	-0.04268
4330	-0.04496
4335	-0.05609
4340	-0.06035
4345	-0.05798
4350	-0.06873
4355	-0.05964
4360	-0.06486
4365	-0.07066
4370	-0.07608
4375	-0.07684
4380	-0.07258
4385	-0.07035
4390	-0.06656
4395	-0.06056
4400	-0.05985
4405	-0.05619
4410	-0.06072
4415	-0.04775
4420	-0.04563
4425	-0.05007
4430	-0.03546
4435	-0.03115
4440	-0.03956
4445	-0.03885
4450	-0.03797
4455	-0.04015
4460	-0.03363
4465	-0.03359
4470	-0.02431
4475	-0.0133
4480	-0.02033
4485	-0.02501
4490	-0.02261
4495	-0.02092
4500	-0.03111
4505	-0.03098
4510	-0.03243
4515	-0.02786
4520	-0.02421
4525	-0.02389
4530	-0.02631
4535	-0.02376
4540	-0.03112
4545	-0.03606
4550	-0.03652
4555	-0.02766
4560	-0.03671
4565	-0.03228
4570	-0.02776
4575	-0.02766
4580	-0.03756
4585	-0.03029
4590	-0.02526
4595	-0.03628
4600	-0.03437
4605	-0.04085
4610	-0.02465
4615	-0.03412
4620	-0.03406
4625	-0.03154
4630	-0.04279
4635	-0.03853
4640	-0.02968
4645	-0.03332
4650	-0.03455
4655	-0.03177
4660	-0.03878
4665	-0.02695
4670	-0.02375
4675	-0.01567
4680	-0.02079
4685	-0.01715
4690	-0.02051
4695	-0.01837
4700	-0.01635
4705	-0.01225
4710	-0.009908
4715	-0.01326
4720	-0.02344
4725	-0.02941
4730	-0.02285
4735	-0.01429
4740	-0.01424
4745	-0.01523
4750	-0.02295
4755	-0.01596
4760	-0.01647
4765	-0.0127
4770	-0.008849
4775	0.004923
4780	-0.002421
4785	-0.005559
4790	-0.01822
4795	-0.02176
4800	-0.01477
4805	-0.01353
4810	-0.01638
4815	-0.02489
4820	-0.0187
4825	-0.01786
4830	-0.02259
4835	-0.02414
4840	-0.02562
4845	-0.02954
4850	-0.01809
4855	-0.02313
4860	-0.01991
4865	-0.02178
4870	-0.02235
4875	-0.019
4880	-0.02297
4885	-0.02896
4890	-0.01934
4895	-0.02224
4900	-0.02349
4905	-0.02541
4910	-0.02481
4915	-0.02465
4920	-0.02521
4925	-0.02956
4930	-0.04058
4935	-0.04212
4940	-0.04794
4945	-0.04807
4950	-0.04595
4955	-0.03844
4960	-0.04174
4965	-0.04043
4970	-0.04822
4975	-0.05677
4980	-0.05319
4985	-0.04328
4990	-0.04747
4995	-0.04517
5000	-0.04412
5005	-0.05114
5010	-0.05253
5015	-0.05548
5020	-0.06014
5025	-0.0538
5030	-0.04988
5035	-0.05153
5040	-0.05091
5045	-0.04964
5050	-0.0514
5055	-0.04598
5060	-0.03792
5065	-0.03726
5070	-0.03016
5075	-0.02142
5080	-0.01013
5085	-0.01412
5090	-0.01327
5095	-0.005534
5100	-0.005278
5105	-0.00299
5110	-3.51E-4
5115	7.228E-4
5120	-0.01056
5125	-0.004192
5130	-0.0101
5135	-0.008314
5140	-0.01066
5145	-0.01638
5150	-0.01838
5155	-0.02127
5160	-0.02342
5165	-0.0252
5170	-0.01949
5175	-0.02323
5180	-0.01495
5185	-0.01459
5190	-0.01051
5195	-0.006061
5200	-0.005403
5205	-0.001469
5210	-0.003565
5215	-0.007569
5220	-6.682E-4
5225	-0.001775
5230	-4.676E-4
5235	0.01074
5240	0.008924
5245	0.00379
5250	0.001277
5255	-0.01304
5260	-0.0126
5265	-0.01832
5270	-0.01759
5275	-0.01475
5280	-0.02386
5285	-0.02807
5290	-0.02621
5295	-0.02483
5300	-0.02805
5305	-0.01552
5310	-0.003831
5315	-0.01194
5320	-0.005683
5325	-3.001E-4
5330	4.557E-4
5335	-0.008394
5340	-0.01266
5345	-0.02091
5350	-0.02094
5355	-0.01739
5360	-0.03001
5365	-0.03139
5370	-0.03505
5375	-0.03767
5380	-0.03281
5385	-0.03531
5390	-0.04183
5395	-0.04193
5400	-0.04375
5405	-0.04719
5410	-0.04658
5415	-0.05514
5420	-0.05826
5425	-0.05794
5430	-0.0508
5435	-0.05195
5440	-0.04342
5445	-0.03788
5450	-0.03544
5455	-0.03196
5460	-0.03088
5465	-0.03462
5470	-0.01959
5475	-0.02863
5480	-0.0358
5485	-0.02685
5490	-0.02854
5495	-0.01818
5500	-0.003866
5505	0.007767
5510	0.009462
5515	0.008782
5520	0.01221
5525	0.0119
5530	0.01182
5535	0.01982
5540	0.0251
5545	0.01452
5550	0.01487
5555	-0.004267
5560	-0.01205
5565	-0.02365
5570	-0.01954
5575	-0.02735
5580	-0.02865
5585	-0.03111
5590	-0.02872
5595	-0.02911
5600	-0.027
5605	-0.02993
5610	-0.03181
5615	-0.02592
5620	-0.02378
5625	-0.02422
5630	-0.02292
5635	-0.01981
5640	-0.02498
5645	-0.01789
5650	-0.006227
5655	-0.007722
5660	-0.009182
5665	1.387E-4
5670	9.167E-4
5675	9.918E-4
5680	-0.007353
5685	-0.002765
5690	0.002074
5695	-0.002216
5700	-0.006297
5705	-0.008101
5710	-0.01872
5715	-0.02212
5720	-0.0319
5725	-0.03192
5730	-0.03869
5735	-0.04047
5740	-0.03599
5745	-0.03533
5750	-0.03418
5755	-0.02384
5760	-0.02076
5765	-0.01895
5770	-0.005364
5775	-0.003202
5780	-0.007057
5785	-0.01994
5790	-0.02079
5795	-0.0138
5800	-0.01333
5805	-0.01277
5810	-0.009352
5815	-0.0122
5820	-0.005038
5825	-0.006129
5830	0.002405
5835	0.004999
5840	0.004558
5845	0.01263
5850	0.01939
5855	0.01895
5860	0.01716
5865	0.01564
5870	0.01031
5875	0.01274
5880	0.01889
5885	0.01382
5890	0.00954
5895	0.0106
5900	0.01365
5905	0.01676
5910	0.007984
5915	0.00401
5920	3.464E-4
5925	-0.003155
5930	3.841E-5
5935	-0.006715
5940	-0.004903
5945	0.004135
5950	-0.01784
5955	-0.01458
5960	-0.01907
5965	-0.01525
5970	-0.02623
5975	-0.02753
5980	-0.02803
5985	-0.03029
5990	-0.04344
5995	-0.04618
6000	-0.05152
6005	-0.05113
6010	-0.04899
6015	-0.0476
6020	-0.03826
6025	-0.04375
6030	-0.04048
6035	-0.03048
6040	-0.02191
6045	-0.01587
6050	-0.02314
6055	-0.02548
6060	-0.03546
6065	-0.03956
6070	-0.04009
6075	-0.03843
6080	-0.04498
6085	-0.03397
6090	-0.04052
6095	-0.03759
6100	-0.04037
6105	-0.03455
6110	-0.0332
6115	-0.04232
6120	-0.04441
6125	-0.04919
6130	-0.04064
6135	-0.04173
6140	-0.03981
6145	-0.04611
6150	-0.04819
6155	-0.05752
6160	-0.06133
6165	-0.06553
6170	-0.07534
6175	-0.07707
6180	-0.07303
6185	-0.0689
6190	-0.0711
6195	-0.07613
6200	-0.08142
6205	-0.08304
6210	-0.07505
6215	-0.07642
6220	-0.06202
6225	-0.05574
6230	-0.06555
6235	-0.06788
6240	-0.06345
6245	-0.06721
6250	-0.06724
6255	-0.0736
6260	-0.07975
6265	-0.07862
6270	-0.07165
6275	-0.05609
6280	-0.05189
6285	-0.04755
6290	-0.04551
6295	-0.04583
6300	-0.04425
6305	-0.04838
6310	-0.04498
6315	-0.03961
6320	-0.03769
6325	-0.03447
6330	-0.02825
6335	-0.02695
6340	-0.02623
6345	-0.02387
6350	-0.01759
6355	-0.01959
6360	-0.007968
6365	-0.009985
6370	-0.008112
6375	-0.01106
6380	-0.01414
6385	-0.01605
6390	-0.0204
6395	-0.01487
6400	-0.01933
6405	-0.01048
6410	-0.008989
6415	-0.01148
6420	-0.006001
6425	-7.98E-4
6430	-0.004675
6435	-0.02457
6440	-0.02958
6445	-0.03375
6450	-0.04219
6455	-0.03393
6460	-0.02994
6465	-0.01972
6470	-0.01474
6475	-0.009619
6480	-0.004727
6485	-0.01688
6490	-0.02747
6495	-0.02604
6500	-0.02328
6505	-0.02977
6510	-0.02249
6515	-0.02474
6520	-0.03007
6525	-0.04545
6530	-0.05579
6535	-0.0496
6540	-0.04436
6545	-0.05567
6550	-0.04249
6555	-0.0467
6560	-0.0428
6565	-0.0336
6570	-0.03196
6575	-0.03796
6580	-0.03702
6585	-0.03842
6590	-0.03958
6595	-0.02243
6600	-0.02958
6605	-0.02985
6610	-0.0385
6615	-0.03497
6620	-0.03439
6625	-0.02967
6630	-0.03
6635	-0.03234
6640	-0.03104
6645	-0.02931
6650	-0.04425
6655	-0.04138
6660	-0.03669
6665	-0.03123
6670	-0.03444
6675	-0.0423
6680	-0.04007
6685	-0.05111
6690	-0.0488
6695	-0.04985
6700	-0.054
6705	-0.06023
6710	-0.06353
6715	-0.05898
6720	-0.0548
6725	-0.06734
6730	-0.0719
6735	-0.07377
6740	-0.07612
6745	-0.07067
6750	-0.07726
6755	-0.08532
6760	-0.08079
6765	-0.08758
6770	-0.07569
6775	-0.06855
6780	-0.07167
6785	-0.07314
6790	-0.06958
6795	-0.07265
6800	-0.06976
6805	-0.06575
6810	-0.06649
6815	-0.05941
6820	-0.05653
6825	-0.05592
6830	-0.05406
6835	-0.05933
6840	-0.06016
6845	-0.06091
6850	-0.05359
6855	-0.04792
6860	-0.04681
6865	-0.05154
6870	-0.05271
6875	-0.05343
6880	-0.05798
6885	-0.05978
6890	-0.04563
6895	-0.04317
6900	-0.04648
6905	-0.04867
6910	-0.05374
6915	-0.05052
6920	-0.05312
6925	-0.05338
6930	-0.0629
6935	-0.05855
6940	-0.06695
6945	-0.06766
6950	-0.08179
6955	-0.08254
6960	-0.08535
6965	-0.08928
6970	-0.07994
6975	-0.07513
6980	-0.06748
6985	-0.06977
6990	-0.07217
6995	-0.07888
2000	-0.01634
2005	-0.01793
2010	-0.0247
2015	-0.01965
2020	-0.02706
2025	-0.03397
2030	-0.02435
2035	-0.03089
2040	-0.02198
2045	-0.0193
2050	-0.02938
2055	-0.0221
2060	-0.01911
2065	-0.01852
2070	-0.02534
2075	-0.03404
2080	-0.02644
2085	-0.02617
2090	-0.0301
2095	-0.02358
2100	-0.01876
2105	-0.01816
2110	-0.01948
2115	-0.0133
2120	-0.01384
2125	-0.01449
2130	-0.01593
2135	-0.01895
2140	-0.01901
2145	-0.01193
2150	-0.01317
2155	-0.01746
2160	-0.015
2165	-0.01984
2170	-0.01501
2175	-0.01623
2180	-0.01414
2185	-0.01371
2190	-0.01668
2195	-0.01818
2200	-0.02356
2205	-0.02378
2210	-0.02225
2215	-0.01932
2220	-0.02543
2225	-0.01646
2230	-0.01681
2235	-0.01477
2240	-0.01492
2245	-0.01981
2250	-0.0214
2255	-0.01968
2260	-0.01324
2265	-0.01668
2270	-0.01781
2275	-0.02257
2280	-0.01855
2285	-0.024
2290	-0.02198
2295	-0.02106
2300	-0.02078
2305	-0.02372
2310	-0.02237
2315	-0.02646
2320	-0.02461
2325	-0.02937
2330	-0.02777
2335	-0.02482
2340	-0.0312
2345	-0.02495
2350	-0.02616
2355	-0.02255
2360	-0.02641
2365	-0.02207
2370	-0.0267
2375	-0.0281
2380	-0.03473
2385	-0.03307
2390	-0.0304
2395	-0.02402
2400	-0.02195
2405	-0.01639
2410	-0.008682
2415	-0.007732
2420	-0.01283
2425	-0.01274
2430	-0.02149
2435	-0.02121
2440	-0.02004
2445	-0.01485
2450	-0.02445
2455	-0.02542
2460	-0.02861
2465	-0.02761
2470	-0.02345
2475	-0.02028
2480	-0.02131
2485	-0.01916
2490	-0.0281
2495	-0.02449
2500	-0.01831
2505	-0.02102
2510	-0.02171
2515	-0.01719
2520	-0.01344
2525	-0.01707
2530	-0.01818
2535	-0.01408
2540	-0.01974
2545	-0.02867
2550	-0.03022
2555	-0.0268
2560	-0.02456
2565	-0.01515
2570	-0.01335
2575	-0.02383
2580	-0.02305
2585	-0.01485
2590	-0.01575
2595	-0.02563
2600	-0.02465
2605	-0.01813
2610	-0.01945
2615	-0.02358
2620	-0.02932
2625	-0.03239
2630	-0.03771
2635	-0.03728
2640	-0.03672
2645	-0.03884
2650	-0.02867
2655	-0.01909
2660	-0.008877
2665	-0.01717
2670	-0.01374
2675	-0.01904
2680	-0.02009
2685	-0.02453
2690	-0.03177
2695	-0.0326
2700	-0.03221
2705	-0.02991
2710	-0.02882
2715	-0.02011
2720	-0.02158
2725	-0.02195
2730	-0.01833
2735	-0.01682
2740	-0.007223
2745	-0.01751
2750	-0.02211
2755	-0.02347
2760	-0.02216
2765	-0.02541
2770	-0.02117
2775	-0.01467
2780	-0.02299
2785	-0.01527
2790	-0.01616
2795	-0.01612
2800	-0.02046
2805	-0.02548
2810	-0.03118
2815	-0.03576
2820	-0.02844
2825	-0.02283
2830	-0.02556
2835	-0.03453
2840	-0.03181
2845	-0.02676
2850	-0.02909
2855	-0.02876
2860	-0.02618
2865	-0.02418
2870	-0.03021
2875	-0.02203
2880	-0.02208
2885	-0.02826
2890	-0.03242
2895	-0.02142
2900	-0.02489
2905	-0.02392
2910	-0.02617
2915	-0.01969
2920	-0.0215
2925	-0.0156
2930	-0.0129
2935	-0.01879
2940	-0.02097
2945	-0.02617
2950	-0.02342
2955	-0.02132
2960	-0.02067
2965	-0.02531
2970	-0.03033
2975	-0.03898
2980	-0.03154
2985	-0.0231
2990	-0.02488
2995	-0.02425
3000	-0.02649
3005	-0.0244
3010	-0.02335
3015	-0.01317
3020	-0.0191
3025	-0.01409
3030	-0.0103
3035	-0.01867
3040	-0.02137
3045	-0.01066
3050	-0.01926
3055	-0.0274
3060	-0.0228
3065	-0.0215
3070	-0.02342
3075	-0.01912
3080	-0.01581
3085	-0.02629
3090	-0.02273
3095	-0.02105
3100	-0.01852
3105	-0.02288
3110	-0.01913
3115	-0.01873
3120	-0.02071
3125	-0.02158
3130	-0.01697
3135	-0.02543
3140	-0.01748
3145	-0.01993
3150	-0.01767
3155	-0.02222
3160	-0.02845
3165	-0.02344
3170	-0.02178
3175	-0.02174
3180	-0.01974
3185	-0.01437
3190	-0.01157
3195	-0.01817
3200	-0.02045
3205	-0.01899
3210	-0.01949
3215	-0.03125
3220	-0.03167
3225	-0.02924
3230	-0.03038
3235	-0.0229
3240	-0.02877
3245	-0.03403
3250	-0.03023
3255	-0.03083
3260	-0.02695
3265	-0.0277
3270	-0.02623
3275	-0.017
3280	-0.01057
3285	-0.01479
3290	-0.0177
3295	-0.01246
3300	-0.01467
3305	-0.01459
3310	-0.01027
3315	-0.007353
3320	-0.01099
3325	-0.01775
3330	-0.01649
3335	-0.02231
3340	-0.01415
3345	-0.01776
3350	-0.01754
3355	-0.01389
3360	-0.01723
3365	-0.01434
3370	-0.02061
3375	-0.01809
3380	-0.02126
3385	-0.02006
3390	-0.02616
3395	-0.02483
3400	-0.03084
3405	-0.02069
3410	-0.02002
3415	-0.02775
3420	-0.02593
3425	-0.02267
3430	-0.03128
3435	-0.02583
3440	-0.02539
3445	-0.02121
3450	-0.0203
3455	-0.01938
3460	-0.02443
3465	-0.02111
3470	-0.01737
3475	-0.01883
3480	-0.02147
3485	-0.02339
3490	-0.01297
3495	-0.0193
3500	-0.02241
3505	-0.02527
3510	-0.01578
3515	-0.02032
3520	-0.02367
3525	-0.01573
3530	-0.01398
3535	-0.01334
3540	-0.01802
3545	-0.0184
3550	-0.01557
3555	-0.01463
3560	-0.01237
3565	-0.01611
3570	-0.02028
3575	-0.00722
3580	-0.0134
3585	-0.01504
3590	-0.01364
3595	-0.01568
3600	-0.02441
3605	-0.02056
3610	-0.0165
3615	-0.01838
3620	-0.01943
3625	-0.02158
3630	-0.02314
3635	-0.02478
3640	-0.01954
3645	-0.02178
3650	-0.03158
3655	-0.03071
3660	-0.03152
3665	-0.02522
3670	-0.01658
3675	-0.01644
3680	-0.0137
3685	-0.01386
3690	-0.0219
3695	-0.01693
3700	-0.01916
3705	-0.02501
3710	-0.02915
3715	-0.02782
3720	-0.02069
3725	-0.01894
3730	-0.02224
3735	-0.01768
3740	-0.02311
3745	-0.01934
3750	-0.01638
3755	-0.0198
3760	-0.01793
3765	-0.01943
3770	-0.01789
3775	-0.02009
3780	-0.0258
3785	-0.01923
3790	-0.02376
3795	-0.0207
3800	-0.01944
3805	-0.0193
3810	-0.01451
3815	-0.01914
3820	-0.01836
3825	-0.01961
3830	-0.02647
3835	-0.0241
3840	-0.01763
3845	-0.01772
3850	-0.009373
3855	-0.01577
3860	-0.01589
3865	-0.01638
3870	-0.01693
3875	-0.01104
3880	-0.01204
3885	-0.01879
3890	-0.02203
3895	-0.0224
3900	-0.02396
3905	-0.02657
3910	-0.02343
3915	-0.01909
3920	-0.02635
3925	-0.02308
3930	-0.02898
3935	-0.02939
3940	-0.02855
3945	-0.02511
3950	-0.02006
3955	-0.01803
3960	-0.01978
3965	-0.02207
3970	-0.02774
3975	-0.02811
3980	-0.02377
3985	-0.02313
3990	-0.01724
3995	-0.0149
4000	-0.01391
4005	-0.02207
4010	-0.01063
4015	-0.008758
4020	-0.01503
4025	-0.01818
4030	-0.01188
4035	-0.01556
4040	-0.01205
4045	-0.009954
4050	-0.01849
4055	-0.0197
4060	-0.01527
4065	-0.01964
4070	-0.02177
4075	-0.01766
4080	-0.01334
4085	-0.01582
4090	-0.0145
4095	-0.01569
4100	-0.02364
4105	-0.01905
4110	-0.02179
4115	-0.02388
4120	-0.01958
4125	-0.02176
4130	-0.02098
4135	-0.02182
4140	-0.02459
4145	-0.02628
4150	-0.03026
4155	-0.02746
4160	-0.02596
4165	-0.02196
4170	-0.0212
4175	-0.02114
4180	-0.0188
4185	-0.02025
4190	-0.01909
4195	-0.02462
4200	-0.02806
4205	-0.02701
4210	-0.02338
4215	-0.02298
4220	-0.02306
4225	-0.01689
4230	-0.0172
4235	-0.02174
4240	-0.02816
4245	-0.02049
4250	-0.01641
4255	-0.02265
4260	-0.01796
4265	-0.01532
4270	-0.01959
4275	-0.02666
4280	-0.0276
4285	-0.01659
4290	-0.01891
4295	-0.02497
4300	-0.02891
4305	-0.02158
4310	-0.03684
4315	-0.03129
4320	-0.02972
4325	-0.02199
4330	-0.02049
4335	-0.01477
4340	-0.01906
4345	-0.02242
4350	-0.01577
4355	-0.02534
4360	-0.03117
4365	-0.03465
4370	-0.03201
4375	-0.02968
4380	-0.02982
4385	-0.0242
4390	-0.02424
4395	-0.02239
4400	-0.0198
4405	-0.02035
4410	-0.02133
4415	-0.02406
4420	-0.02686
4425	-0.02999
4430	-0.04097
4435	-0.0312
4440	-0.02619
4445	-0.02998
4450	-0.02608
4455	-0.0212
4460	-0.01897
4465	-0.01913
4470	-0.02523
4475	-0.02876
4480	-0.02248
4485	-0.0229
4490	-0.02642
4495	-0.02234
4500	-0.02184
4505	-0.02543
4510	-0.02055
4515	-0.0216
4520	-0.01877
4525	-0.01532
4530	-0.01663
4535	-0.01437
4540	-0.01395
4545	-0.006052
4550	-0.004862
4555	-0.01138
4560	-0.01447
4565	-0.02224
4570	-0.02509
4575	-0.02336
4580	-0.02163
4585	-0.03398
4590	-0.02676
4595	-0.01858
4600	-0.01722
4605	-0.02334
4610	-0.03236
4615	-0.02664
4620	-0.02403
4625	-0.02057
4630	-0.01892
4635	-0.02619
4640	-0.03063
4645	-0.0227
4650	-0.02292
4655	-0.02223
4660	-0.01639
4665	-0.02477
4670	-0.02531
4675	-0.02578
4680	-0.02641
4685	-0.01731
4690	-0.0177
4695	-0.02479
4700	-0.02541
4705	-0.02492
4710	-0.02519
4715	-0.02675
4720	-0.02137
4725	-0.02432
4730	-0.01956
4735	-0.02124
4740	-0.02344
4745	-0.01329
4750	-0.01883
4755	-0.02157
4760	-0.02203
4765	-0.02693
4770	-0.03374
4775	-0.03749
4780	-0.02844
4785	-0.02404
4790	-0.02355
4795	-0.02222
4800	-0.02943
4805	-0.02404
4810	-0.02561
4815	-0.02105
4820	-0.02929
4825	-0.02935
4830	-0.0285
4835	-0.02942
4840	-0.02923
4845	-0.02945
4850	-0.03177
4855	-0.02837
4860	-0.02322
4865	-0.02681
4870	-0.03118
4875	-0.02736
4880	-0.02064
4885	-0.02131
4890	-0.03168
4895	-0.02891
4900	-0.028
4905	-0.02534
4910	-0.02537
4915	-0.02093
4920	-0.01918
4925	-0.01669
4930	-0.01469
4935	-0.01622
4940	-0.009249
4945	-0.0124
4950	-0.02244
4955	-0.01968
4960	-0.009547
4965	-0.01062
4970	-0.01173
4975	-0.01301
4980	-0.01947
4985	-0.03019
4990	-0.03303
4995	-0.02733
5000	-0.02966
5005	-0.02783
5010	-0.03104
5015	-0.02923
5020	-0.02172
5025	-0.02588
5030	-0.02717
5035	-0.02765
5040	-0.02167
5045	-0.02365
5050	-0.01699
5055	-0.01794
5060	-0.02137
5065	-0.0203
5070	-0.02312
5075	-0.02264
5080	-0.02975
5085	-0.03177
5090	-0.02814
5095	-0.02701
5100	-0.0252
5105	-0.02325
5110	-0.02511
5115	-0.02561
5120	-0.01364
5125	-0.02136
5130	-0.01736
5135	-0.02143
5140	-0.02156
5145	-0.02078
5150	-0.02333
5155	-0.01657
5160	-0.0163
5165	-0.01627
5170	-0.02019
5175	-0.01328
5180	-0.02215
5185	-0.01914
5190	-0.01773
5195	-0.01854
5200	-0.01947
5205	-0.01819
5210	-0.01697
5215	-0.02083
5220	-0.02379
5225	-0.02679
5230	-0.02236
5235	-0.02319
5240	-0.02484
5245	-0.0229
5250	-0.02264
5255	-0.01542
5260	-0.0165
5265	-0.01829
5270	-0.0154
5275	-0.01237
5280	-0.01711
5285	-0.01936
5290	-0.02694
5295	-0.02396
5300	-0.02983
5305	-0.03448
5310	-0.03457
5315	-0.02696
5320	-0.01954
5325	-0.02584
5330	-0.02889
5335	-0.02791
5340	-0.02735
5345	-0.02106
5350	-0.02375
5355	-0.02675
5360	-0.01911
5365	-0.01764
5370	-0.02169
5375	-0.02442
5380	-0.02349
5385	-0.02223
5390	-0.02824
5395	-0.02322
5400	-0.02724
5405	-0.0292
5410	-0.02986
5415	-0.02546
5420	-0.01538
5425	-0.01679
5430	-0.02415
5435	-0.02043
5440	-0.02969
5445	-0.02008
5450	-0.01397
5455	-0.02064
5460	-0.02765
5465	-0.02496
5470	-0.02425
5475	-0.009607
5480	-8.502E-4
5485	-0.01261
5490	-0.008067
5495	-0.0138
5500	-0.02133
5505	-0.02567
5510	-0.02433
5515	-0.02548
5520	-0.03
5525	-0.02582
5530	-0.02655
5535	-0.02744
5540	-0.03163
5545	-0.019
5550	-0.01537
5555	-0.007785
5560	-0.005753
5565	-0.008418
5570	-0.01861
5575	-0.008349
5580	-0.01533
5585	-0.01702
5590	-0.02212
5595	-0.01966
5600	-0.022
5605	-0.01732
5610	-0.01802
5615	-0.02029
5620	-0.01767
5625	-0.02251
5630	-0.01148
5635	-0.02609
5640	-0.02106
5645	-0.02225
5650	-0.0245
5655	-0.02322
5660	-0.02429
5665	-0.02381
5670	-0.01867
5675	-0.01895
5680	-0.01199
5685	-0.004638
5690	-0.004955
5695	-0.007735
5700	-0.005427
5705	-0.003949
5710	-0.008015
5715	-0.007717
5720	-0.01076
5725	-0.0245
5730	-0.019
5735	-0.01775
5740	-0.01553
5745	-0.01611
5750	-0.01795
5755	-0.02317
5760	-0.02649
5765	-0.02564
5770	-0.02457
5775	-0.02651
5780	-0.01877
5785	-0.01576
5790	-0.02004
5795	-0.02851
5800	-0.02749
5805	-0.02279
5810	-0.01873
5815	-0.01966
5820	-0.02868
5825	-0.02688
5830	-0.02167
5835	-0.02831
5840	-0.01648
5845	-0.03153
5850	-0.03376
5855	-0.02964
5860	-0.02557
5865	-0.01824
5870	-0.01833
5875	-0.0163
5880	-0.0104
5885	-0.01324
5890	-0.0137
5895	-0.01973
5900	-0.02431
5905	-0.02817
5910	-0.01944
5915	-0.01754
5920	-0.01574
5925	-0.01238
5930	-0.01572
5935	-0.01994
5940	-0.02682
5945	-0.02107
5950	-0.01467
5955	-0.01575
5960	-0.01598
5965	-0.01773
5970	-0.01846
5975	-0.02461
5980	-0.02348
5985	-0.02599
5990	-0.02037
5995	-0.01499
6000	-0.02069
6005	-0.02168
6010	-0.02211
6015	-0.02372
6020	-0.02539
6025	-0.0209
6030	-0.01997
6035	-0.02258
6040	-0.02361
6045	-0.01934
6050	-0.01183
6055	-0.01729
6060	-0.013
6065	-0.01007
6070	-0.01226
6075	-0.006721
6080	-0.01224
6085	-0.01712
6090	-0.02196
6095	-0.02589
6100	-0.02566
6105	-0.03189
6110	-0.03142
6115	-0.02836
6120	-0.02941
6125	-0.0291
6130	-0.0231
6135	-0.02409
6140	-0.02753
6145	-0.01801
6150	-0.02157
6155	-0.02199
6160	-0.01825
6165	-0.01293
6170	-0.01431
6175	-0.01522
6180	-0.01612
6185	-0.02024
6190	-0.02491
6195	-0.02549
6200	-0.02106
6205	-0.02273
6210	-0.02652
6215	-0.0182
6220	-0.03186
6225	-0.03512
6230	-0.02643
6235	-0.02583
6240	-0.02889
6245	-0.02645
6250	-0.02933
6255	-0.02278
6260	-0.01909
6265	-0.01938
6270	-0.02279
6275	-0.03163
6280	-0.02833
6285	-0.02248
6290	-0.01961
6295	-0.0149
6300	-0.01871
6305	-0.02312
6310	-0.02617
6315	-0.02495
6320	-0.02215
6325	-0.0167
6330	-0.02027
6335	-0.02039
6340	-0.02485
6345	-0.01951
6350	-0.01782
6355	-0.01181
6360	-0.01716
6365	-0.01147
6370	-0.009503
6375	-0.0121
6380	-0.01612
6385	-0.01732
6390	-0.01315
6395	-0.0141
6400	-0.01294
6405	-0.028
6410	-0.02925
6415	-0.024
6420	-0.02943
6425	-0.02987
6430	-0.02259
6435	-0.005913
6440	-0.01364
6445	-0.02098
6450	-0.01293
6455	-0.01264
6460	-0.01174
6465	-0.01982
6470	-0.01464
6475	-0.02038
6480	-0.01621
6485	-0.01497
6490	-0.01441
6495	-0.02083
6500	-0.02715
6505	-0.01677
6510	-0.02631
6515	-0.02274
6520	-0.02047
6525	-0.01569
6530	-0.004654
6535	-0.01043
6540	-0.02134
6545	-0.01539
6550	-0.01406
6555	-0.01653
6560	-0.0195
6565	-0.01984
6570	-0.009171
6575	-0.01479
6580	-0.01662
6585	-0.01217
6590	-0.009996
6595	-0.01865
6600	-0.01956
6605	-0.01917
6610	-0.01754
6615	-0.01983
6620	-0.01982
6625	-0.0233
6630	-0.01917
6635	-0.02303
6640	-0.02668
6645	-0.03444
6650	-0.03113
6655	-0.02427
6660	-0.02548
6665	-0.02012
6670	-0.01571
6675	-0.01318
6680	-0.02206
6685	-0.01912
6690	-0.01287
6695	-0.01675
6700	-0.01177
6705	-0.01895
6710	-0.01995
6715	-0.0267
6720	-0.02418
6725	-0.02361
6730	-0.02698
6735	-0.03165
6740	-0.03069
6745	-0.01774
6750	-0.01777
6755	-0.01447
6760	-0.01761
6765	-0.0191
6770	-0.02553
6775	-0.02318
6780	-0.01702
6785	-0.02889
6790	-0.02926
6795	-0.02336
6800	-0.02351
6805	-0.02259
6810	-0.02447
6815	-0.03141
6820	-0.02738
6825	-0.02713
6830	-0.0304
6835	-0.02476
6840	-0.02617
6845	-0.02218
6850	-0.03151
6855	-0.03181
6860	-0.02381
6865	-0.01705
6870	-0.01655
6875	-0.01652
6880	-0.02116
6885	-0.02825
6890	-0.0307
6895	-0.02265
6900	-0.01819
6905	-0.0209
6910	-0.02226
6915	-0.03197
6920	-0.02835
6925	-0.02285
6930	-0.01464
6935	-0.02118
6940	-0.01218
6945	-0.01521
6950	-0.01008
6955	-0.01514
6960	-0.01371
6965	-0.01904
6970	-0.02743
6975	-0.02963
6980	-0.03212
6985	-0.02818
6990	-0.028
6995	-0.02775
2000	-0.01293
2005	-0.01497
2010	0.04735
2015	0.08428
2020	0.1126
2025	0.1689
2030	0.0723
2035	0.01166
2040	-0.08456
2045	-0.04486
2050	0.07313
2055	-0.03293
2060	-0.1371
2065	-0.05513
2070	-0.05308
2075	-0.0466
2080	-0.0727
2085	-0.1743
2090	-0.07845
2095	-0.1841
2100	-0.1371
2105	-0.1498
2110	-0.05924
2115	-0.01275
2120	-0.0714
2125	-0.13
2130	-0.007641
2135	-0.02723
2140	-0.05816
2145	-0.1612
2150	-0.05863
2155	0.07044
2160	-0.01053
2165	-0.02123
2170	-0.06757
2175	-0.05105
2180	-0.05501
2185	-0.07001
2190	0.021
2195	0.04823
2200	0.06519
2205	0.05731
2210	0.03524
2215	0.04427
2220	0.02721
2225	-0.0308
2230	-0.1758
2235	-0.1123
2240	0.01737
2245	-0.1156
2250	0.06301
2255	-0.03326
2260	0.02785
2265	0.1299
2270	0.01574
2275	-0.03579
2280	-0.06774
2285	-0.09084
2290	-0.06822
2295	-0.03634
2300	-0.02689
2305	0.007482
2310	0.07323
2315	0.01824
2320	0.05204
2325	0.03352
2330	-0.0385
2335	0.02432
2340	-0.03264
2345	-0.09268
2350	-0.05722
2355	-0.1181
2360	-0.169
2365	-0.2396
2370	-0.2282
2375	-0.2315
2380	-0.08671
2385	-0.1175
2390	-0.1012
2395	-0.1733
2400	-0.0881
2405	-0.1013
2410	-0.1695
2415	-0.1351
2420	-0.01397
2425	0.005596
2430	0.03622
2435	0.03185
2440	-0.03516
2445	-0.04457
2450	-0.004931
2455	-0.08543
2460	-0.1018
2465	-0.1496
2470	-0.1891
2475	-0.1271
2480	-0.09795
2485	0.004338
2490	0.05115
2495	0.06302
2500	-0.04771
2505	-0.05996
2510	0.03898
2515	-0.03698
2520	-0.008671
2525	-0.04513
2530	0.01478
2535	-0.04722
2540	0.04182
2545	0.1171
2550	0.1097
2555	0.03665
2560	-0.05894
2565	-0.1044
2570	-0.1405
2575	-0.04385
2580	-0.07538
2585	-0.0748
2590	0.04898
2595	0.1202
2600	0.08128
2605	0.06251
2610	0.09752
2615	0.1178
2620	0.1312
2625	0.03197
2630	0.08954
2635	-0.05014
2640	0.00237
2645	-0.01009
2650	-0.12
2655	-0.1537
2660	-0.1156
2665	-0.1701
2670	-0.1573
2675	-0.08186
2680	0.1155
2685	0.1266
2690	0.1019
2695	0.04653
2700	-0.082
2705	-0.09542
2710	-0.07498
2715	-0.0973
2720	-0.099
2725	-0.01773
2730	0.0963
2735	0.1199
2740	0.178
2745	0.1801
2750	0.08989
2755	0.05858
2760	0.03424
2765	0.131
2770	0.1584
2775	0.1172
2780	0.02812
2785	-0.004194
2790	0.0921
2795	0.1049
2800	9.909E-4
2805	0.06471
2810	0.09554
2815	0.0867
2820	0.09938
2825	0.1533
2830	0.07461
2835	0.07132
2840	-0.06057
2845	-0.1716
2850	-0.1155
2855	-0.01291
2860	-0.1015
2865	-0.05861
2870	-0.04367
2875	-0.1093
2880	-0.07318
2885	-0.06801
2890	0.006049
2895	0.01092
2900	-0.07142
2905	-0.01435
2910	0.06033
2915	0.0277
2920	0.1141
2925	0.03973
2930	0.1211
2935	0.1541
2940	0.05476
2945	0.1291
2950	0.0419
2955	0.1119
2960	0.1324
2965	0.1254
2970	0.1079
2975	0.1921
2980	0.004514
2985	-0.1518
2990	-0.1809
2995	-0.245
3000	-0.1932
3005	-0.1936
3010	-0.1245
3015	-0.1431
3020	-0.06692
3025	-0.04844
3030	-0.04429
3035	0.006257
3040	0.1277
3045	0.1583
3050	0.07653
3055	0.04948
3060	0.06462
3065	0.006212
3070	0.03827
3075	-0.02899
3080	-0.03604
3085	0.07004
3090	0.01987
3095	-0.04946
3100	0.0187
3105	-0.08855
3110	-0.1005
3115	0.01856
3120	0.09485
3125	0.09271
3130	0.06095
3135	0.05149
3140	0.05782
3145	0.02253
3150	0.03113
3155	0.02077
3160	0.04414
3165	-0.0316
3170	0.05047
3175	0.005967
3180	0.00868
3185	-0.0581
3190	0.003387
3195	0.07246
3200	0.08923
3205	0.04763
3210	0.01144
3215	0.03053
3220	0.001595
3225	-0.02342
3230	0.04009
3235	-0.04353
3240	-0.009359
3245	0.003567
3250	-0.02887
3255	-0.01215
3260	0.008039
3265	-0.002145
3270	-0.009578
3275	-0.006317
3280	-0.1043
3285	-0.003739
3290	0.03199
3295	-0.09067
3300	0.0212
3305	-0.04635
3310	-0.09827
3315	-0.09176
3320	0.06473
3325	-0.01572
3330	-0.0488
3335	0.03453
3340	-0.05156
3345	0.0123
3350	-0.05911
3355	-0.1519
3360	-0.1063
3365	-0.07869
3370	0.05036
3375	0.05018
3380	0.08009
3385	9.637E-4
3390	0.06149
3395	0.0351
3400	0.02569
3405	-0.01203
3410	0.1042
3415	0.1082
3420	0.1073
3425	0.1039
3430	0.2128
3435	0.1191
3440	0.03454
3445	0.114
3450	0.113
3455	0.0669
3460	-0.009272
3465	0.02799
3470	0.009701
3475	0.0343
3480	0.09873
3485	0.1193
3490	0.1318
3495	0.2238
3500	0.2008
3505	0.2102
3510	0.1871
3515	0.205
3520	0.1818
3525	0.08196
3530	0.07291
3535	0.07821
3540	0.1439
3545	0.1485
3550	0.1089
3555	0.01969
3560	0.003504
3565	0.1671
3570	0.09691
3575	-0.05703
3580	0.08601
3585	0.05461
3590	0.06948
3595	-0.007994
3600	0.1123
3605	0.04233
3610	-0.0498
3615	0.09483
3620	0.06322
3625	0.07336
3630	-0.04887
3635	-0.02609
3640	-0.05706
3645	-0.05574
3650	-0.1153
3655	-9.676E-4
3660	-0.01334
3665	-0.1205
3670	-0.07958
3675	0.04479
3680	-0.04262
3685	-0.01378
3690	0.1674
3695	0.2188
3700	0.09774
3705	0.031
3710	0.05149
3715	0.08999
3720	0.1451
3725	0.131
3730	0.1354
3735	-0.01396
3740	-0.1136
3745	-0.09145
3750	-0.1522
3755	-0.1834
3760	0.003531
3765	0.005839
3770	0.03896
3775	-0.0457
3780	-0.04159
3785	-0.1597
3790	-0.196
3795	-0.147
3800	-0.2481
3805	-0.1762
3810	-0.08177
3815	-0.04996
3820	0.06756
3825	0.0942
3830	0.1447
3835	0.1599
3840	0.08498
3845	0.0569
3850	0.03122
3855	-0.07128
3860	-0.1151
3865	-0.1434
3870	-0.04833
3875	-0.1163
3880	-0.04658
3885	-0.03356
3890	0.008063
3895	-0.1275
3900	-0.06719
3905	-0.08446
3910	-0.112
3915	-0.1339
3920	0.001718
3925	0.01105
3930	0.1131
3935	0.1026
3940	-0.04968
3945	-0.0507
3950	-0.06381
3955	-0.06846
3960	0.0385
3965	-0.02827
3970	0.01179
3975	-0.009464
3980	-0.041
3985	-0.1425
3990	-0.2317
3995	-0.114
4000	-0.2487
4005	-0.143
4010	-0.1884
4015	-0.1123
4020	-0.07067
4025	-0.1042
4030	-0.1793
4035	-0.2018
4040	-0.1688
4045	-0.1831
4050	-0.1461
4055	-0.06352
4060	0.0346
4065	0.0798
4070	0.04938
4075	0.1034
4080	0.05075
4085	0.01327
4090	0.0314
4095	0.1016
4100	0.1178
4105	0.001632
4110	0.04166
4115	0.03413
4120	0.1525
4125	0.1425
4130	0.1792
4135	0.08839
4140	0.1349
4145	0.1252
4150	0.1422
4155	-0.03609
4160	-0.1308
4165	-0.06081
4170	-0.1191
4175	-0.1323
4180	-0.127
4185	-0.09271
4190	-0.1236
4195	-0.1037
4200	-0.01784
4205	0.04742
4210	-0.1309
4215	-0.1759
4220	-0.2102
4225	-0.1718
4230	-0.1345
4235	-0.01705
4240	0.08405
4245	-0.02188
4250	0.1108
4255	0.06602
4260	0.08474
4265	0.01042
4270	0.03132
4275	-0.06285
4280	0.005399
4285	-0.05063
4290	0.04463
4295	0.01977
4300	0.01286
4305	0.08351
4310	0.2342
4315	0.1566
4320	-0.02143
4325	-0.1299
4330	-0.06196
4335	0.03881
4340	0.167
4345	0.2112
4350	0.2097
4355	0.2128
4360	0.1687
4365	0.1591
4370	0.144
4375	0.088
4380	0.01643
4385	-0.07301
4390	0.02107
4395	-0.08325
4400	-0.1348
4405	-0.1651
4410	-0.08175
4415	-0.1023
4420	-0.03014
4425	-0.03167
4430	-0.06374
4435	-0.02788
4440	-0.2132
4445	-0.2058
4450	-0.1549
4455	-0.2649
4460	-0.2562
4465	-0.2706
4470	-0.1535
4475	-0.2344
4480	-0.1242
4485	-0.1507
4490	-0.06027
4495	-0.1404
4500	-0.08288
4505	-0.03999
4510	7.424E-4
4515	-0.02657
4520	-0.05262
4525	-0.1428
4530	-0.123
4535	-0.08521
4540	-0.09727
4545	-0.07285
4550	-0.04113
4555	-0.08847
4560	0.0339
4565	0.09698
4570	-0.007757
4575	-0.02333
4580	-0.02936
4585	0.04658
4590	-0.04945
4595	-0.1007
4600	-0.1117
4605	4.607E-4
4610	0.05948
4615	0.03717
4620	-0.1279
4625	-0.1863
4630	-0.1522
4635	-0.1065
4640	-0.05531
4645	-0.101
4650	-0.1198
4655	-0.07067
4660	-0.0546
4665	0.01992
4670	0.0113
4675	-0.07715
4680	0.007434
4685	-0.0381
4690	-0.07958
4695	0.03152
4700	-0.02669
4705	-0.1067
4710	-0.03515
4715	0.007779
4720	0.001417
4725	0.01353
4730	-0.1122
4735	-0.09217
4740	-0.03292
4745	-0.1962
4750	-0.05745
4755	-0.07519
4760	-0.04527
4765	-0.1766
4770	-0.09739
4775	-0.08975
4780	-0.1556
4785	-0.1262
4790	-0.04708
4795	-0.08163
4800	-0.02328
4805	-0.08125
4810	-0.02383
4815	-0.02537
4820	-0.002957
4825	-0.07288
4830	-0.007601
4835	0.08563
4840	0.06684
4845	0.05404
4850	0.08044
4855	-0.0173
4860	-0.04917
4865	-0.02651
4870	0.02324
4875	-0.03414
4880	-0.121
4885	-0.06521
4890	0.01341
4895	-0.01623
4900	-0.03188
4905	-0.0244
4910	-0.03107
4915	-0.01939
4920	-0.07354
4925	-0.08987
4930	-0.07807
4935	-0.0995
4940	-0.09437
4945	-0.0147
4950	0.07454
4955	-0.03561
4960	-0.03179
4965	0.04945
4970	0.05773
4975	0.07685
4980	0.1411
4985	0.1603
4990	0.1262
4995	0.1241
5000	0.05041
5005	0.01649
5010	0.04584
5015	-0.004106
5020	0.001848
5025	0.05985
5030	-0.01295
5035	-0.04026
5040	-0.04547
5045	-0.1196
5050	-0.113
5055	-0.1476
5060	-0.2492
5065	-0.2184
5070	-0.2645
5075	-0.2846
5080	-0.1943
5085	-0.04944
5090	0.001659
5095	-0.08335
5100	-0.03459
5105	-0.01176
5110	-0.03081
5115	-0.09486
5120	-0.1656
5125	-0.05256
5130	-0.1332
5135	0.002721
5140	-0.06227
5145	8.493E-4
5150	0.05696
5155	-0.009185
5160	-0.09656
5165	-0.05743
5170	-0.02044
5175	-0.06911
5180	0.06785
5185	-0.0288
5190	-0.05188
5195	-0.01518
5200	-0.005327
5205	-0.0968
5210	-0.01849
5215	-0.04538
5220	-0.01608
5225	-0.05518
5230	-0.03817
5235	-0.03971
5240	0.0394
5245	0.02131
5250	0.08004
5255	0.1394
5260	0.1027
5265	0.1208
5270	0.01006
5275	-0.06271
5280	0.05745
5285	0.0714
5290	0.1502
5295	-0.01689
5300	-0.05727
5305	-0.07876
5310	-0.1007
5315	-0.2463
5320	-0.2352
5325	-0.1547
5330	-0.1528
5335	-0.06282
5340	-0.05786
5345	0.07066
5350	0.03071
5355	-0.02471
5360	-0.08167
5365	-0.04195
5370	0.05584
5375	0.1562
5380	0.05461
5385	0.008918
5390	0.1123
5395	0.01124
5400	0.03486
5405	0.04643
5410	0.04376
5415	0.07838
5420	-0.01544
5425	0.1197
5430	0.1278
5435	0.1205
5440	0.126
5445	-0.007329
5450	-0.02106
5455	0.1042
5460	0.07673
5465	0.0167
5470	-0.08655
5475	-0.1289
5480	-0.05608
5485	-0.01478
5490	-0.008566
5495	-0.1008
5500	-0.1419
5505	-0.1163
5510	-0.1098
5515	-0.05454
5520	-0.004606
5525	-0.03328
5530	-0.04208
5535	-0.187
5540	-0.1223
5545	-0.1148
5550	-0.1816
5555	-0.1895
5560	-0.0976
5565	0.02333
5570	0.1365
5575	0.07822
5580	0.06477
5585	0.1795
5590	0.1764
5595	0.1047
5600	0.03646
5605	0.03492
5610	0.00973
5615	-3.049E-4
5620	-0.002129
5625	0.001797
5630	-0.1285
5635	9.106E-5
5640	-0.01858
5645	-0.02278
5650	0.02334
5655	-0.03293
5660	-0.0258
5665	-0.03153
5670	-0.1862
5675	-0.09927
5680	-0.03725
5685	-0.06022
5690	-0.1318
5695	-0.04094
5700	-0.1666
5705	-0.118
5710	-0.0202
5715	-0.02576
5720	0.01446
5725	0.05208
5730	-0.0417
5735	-0.05162
5740	-0.1223
5745	-0.02502
5750	0.03167
5755	0.04602
5760	0.07911
5765	-0.02984
5770	-0.1149
5775	-0.08772
5780	-0.167
5785	-0.2309
5790	-0.2188
5795	-0.08757
5800	-0.06881
5805	-0.09596
5810	-0.06017
5815	-0.01148
5820	0.123
5825	0.08799
5830	-0.004433
5835	-0.1271
5840	-0.235
5845	-0.1295
5850	-0.2098
5855	-0.1903
5860	-0.1174
5865	-0.08509
5870	-0.07571
5875	-0.2178
5880	-0.2079
5885	-0.1622
5890	0.01452
5895	0.06259
5900	0.1037
5905	0.2127
5910	0.1188
5915	0.06602
5920	6.971E-4
5925	0.01296
5930	-0.009539
5935	-0.04154
5940	0.02243
5945	-0.07568
5950	-0.02358
5955	-0.09817
5960	-0.1368
5965	-0.03
5970	0.01365
5975	0.1308
5980	0.1666
5985	0.1238
5990	0.07804
5995	-0.005407
6000	-0.0192
6005	-0.03931
6010	0.009436
6015	0.03195
6020	-0.05492
6025	0.01887
6030	-0.08638
6035	-0.1064
6040	-0.05522
6045	-0.145
6050	-0.09981
6055	-0.03487
6060	0.01342
6065	-0.03293
6070	-0.05952
6075	-0.03084
6080	0.06224
6085	-0.05824
6090	0.1257
6095	0.04653
6100	0.03657
6105	0.07429
6110	0.05024
6115	0.03038
6120	0.1388
6125	0.1134
6130	0.03494
6135	-0.01055
6140	-0.04385
6145	-0.05873
6150	-0.07752
6155	-0.01181
6160	0.01422
6165	0.007069
6170	-0.03424
6175	0.01722
6180	0.1433
6185	0.1025
6190	0.1362
6195	0.1256
6200	0.09068
6205	0.01057
6210	0.02703
6215	0.05521
6220	0.008602
6225	-0.03081
6230	0.03027
6235	0.004631
6240	0.00121
6245	-0.1
6250	-0.02965
6255	-0.04709
6260	-0.09122
6265	-0.1272
6270	-0.0465
6275	-0.1195
6280	-0.1615
6285	-0.1796
6290	-0.1842
6295	-0.1298
6300	-0.0936
6305	-0.07438
6310	-0.01503
6315	-0.04297
6320	0.008671
6325	-0.03875
6330	-0.03854
6335	-0.007657
6340	0.02007
6345	-0.08081
6350	-0.07124
6355	-0.1166
6360	0.005512
6365	-0.1147
6370	-0.03143
6375	-0.1086
6380	-0.1393
6385	-0.1201
6390	-0.07341
6395	-0.08791
6400	-0.008244
6405	0.06736
6410	0.08889
6415	0.1089
6420	0.02419
6425	-0.06133
6430	-0.142
6435	-0.2312
6440	-0.05977
6445	0.01759
6450	0.04773
6455	0.05472
6460	-0.05995
6465	0.07534
6470	-0.08951
6475	-0.02119
6480	-0.02572
6485	0.0935
6490	0.1085
6495	0.1522
6500	0.1773
6505	0.07393
6510	0.1328
6515	0.09997
6520	0.07916
6525	0.01871
6530	-0.002732
6535	-0.02192
6540	0.0262
6545	-0.01768
6550	-0.09445
6555	-0.04416
6560	-0.04952
6565	-0.06225
6570	-0.143
6575	-0.1318
6580	-0.1142
6585	-0.0928
6590	-0.1308
6595	-0.145
6600	-0.1622
6605	-0.206
6610	-0.08108
6615	-0.02397
6620	0.06753
6625	0.1602
6630	0.06659
6635	0.0781
6640	0.01397
6645	0.006588
6650	0.05151
6655	-0.01305
6660	0.1108
6665	0.05035
6670	-0.04003
6675	0.1201
6680	0.1218
6685	0.05878
6690	-0.08349
6695	-0.05131
6700	-0.1154
6705	-0.04864
6710	-0.04122
6715	0.02598
6720	-0.05579
6725	0.02563
6730	0.1034
6735	0.1428
6740	0.1157
6745	-0.02336
6750	0.001701
6755	-0.02776
6760	-0.07856
6765	5.372E-4
6770	-0.0192
6775	-0.07443
6780	-0.07258
6785	0.07954
6790	0.06975
6795	0.1133
6800	0.1657
6805	0.08561
6810	0.1472
6815	0.06127
6820	-0.02848
6825	3.815E-4
6830	0.09817
6835	0.02558
6840	0.07474
6845	0.06508
6850	-0.01261
6855	-0.02788
6860	-0.04446
6865	-0.1146
6870	-0.05392
6875	0.01413
6880	0.0373
6885	0.009324
6890	0.009334
6895	-0.1178
6900	-0.07289
6905	-0.09311
6910	-0.04473
6915	0.002904
6920	-0.008949
6925	-0.1439
6930	-0.06986
6935	-0.03733
6940	-0.003988
6945	0.02859
6950	0.0231
6955	-0.00926
6960	0.03575
6965	0.08792
6970	0.1225
6975	0.005812
6980	0.0423
6985	0.02288
6990	-0.009058
6995	-0.05961
2000	-0.2296
2005	0.008065
2010	-0.03867
2015	-0.06527
2020	-0.03964
2025	-0.1185
2030	-0.04414
2035	0.09053
2040	-0.02511
2045	-0.1943
2050	-0.1459
2055	-0.112
2060	-0.1243
2065	-0.2207
2070	-0.1958
2075	-0.08434
2080	-0.1693
2085	-0.1075
2090	-0.1851
2095	-0.1464
2100	0.0337
2105	-0.1021
2110	-0.1523
2115	-0.1637
2120	-0.09307
2125	-0.03501
2130	-0.1104
2135	-0.06584
2140	-0.01474
2145	-0.05063
2150	0.02445
2155	-0.09016
2160	9.641E-4
2165	-0.03424
2170	-0.005716
2175	-0.02198
2180	-0.08596
2185	-0.05175
2190	-0.08794
2195	-0.09106
2200	-0.1351
2205	-0.08556
2210	-0.06076
2215	-0.133
2220	-0.0231
2225	0.01769
2230	0.01807
2235	-0.0538
2240	-0.07372
2245	0.03788
2250	-0.1113
2255	-0.01849
2260	-0.1232
2265	-0.1399
2270	-0.01098
2275	0.08052
2280	-0.07182
2285	-0.02657
2290	-0.1443
2295	0.03593
2300	-0.05367
2305	-0.0121
2310	-0.002479
2315	0.06998
2320	0.008698
2325	-0.07425
2330	0.03656
2335	-0.09273
2340	-0.06326
2345	-0.09286
2350	-0.103
2355	-0.1581
2360	0.03822
2365	-0.0636
2370	-0.0806
2375	-0.1099
2380	-0.2252
2385	-0.1013
2390	-0.05273
2395	-0.1343
2400	-0.08468
2405	-0.03677
2410	-0.2032
2415	-0.1316
2420	-0.2356
2425	-0.09658
2430	0.02008
2435	0.03868
2440	0.004502
2445	-0.09512
2450	-0.05388
2455	0.07483
2460	0.05688
2465	-0.01597
2470	-0.05264
2475	-0.1074
2480	-0.07092
2485	-0.1806
2490	-0.1985
2495	-0.05414
2500	-0.09135
2505	-0.1555
2510	-0.1094
2515	0.03739
2520	0.06526
2525	-0.05414
2530	-0.03597
2535	-0.06508
2540	-0.04011
2545	-0.04081
2550	-0.02109
2555	-0.03647
2560	-0.06646
2565	-0.05417
2570	-0.1295
2575	-0.04316
2580	-0.1169
2585	-0.01111
2590	-0.1028
2595	-0.2078
2600	-0.1297
2605	-0.127
2610	-0.0864
2615	0.07917
2620	0.1155
2625	-0.01563
2630	-0.06084
2635	0.002483
2640	-0.06759
2645	0.00896
2650	-0.07006
2655	-0.1624
2660	-0.1023
2665	-0.07006
2670	-0.2113
2675	-0.05217
2680	-0.1492
2685	-0.06696
2690	0.04375
2695	-0.0187
2700	0.02453
2705	0.05252
2710	-0.0535
2715	-0.1228
2720	-0.1255
2725	-0.06471
2730	-0.1
2735	-0.05035
2740	-0.1041
2745	-0.0179
2750	0.03485
2755	0.02735
2760	-0.04285
2765	-0.05673
2770	-0.1769
2775	-0.04208
2780	-0.07336
2785	-0.213
2790	-0.1898
2795	-0.12
2800	0.02907
2805	-0.01645
2810	-0.1875
2815	-0.08968
2820	-0.1631
2825	-0.1495
2830	0.007814
2835	0.02555
2840	0.06096
2845	-0.09233
2850	-0.2559
2855	-0.1551
2860	-0.09634
2865	-0.2414
2870	-0.01121
2875	0.001541
2880	-0.1529
2885	-0.08662
2890	-0.04296
2895	-0.0129
2900	0.07503
2905	0.01197
2910	-0.07592
2915	-0.1184
2920	-0.1784
2925	-0.1842
2930	-0.03069
2935	0.03602
2940	0.02142
2945	0.1247
2950	0.05908
2955	0.004066
2960	0.009609
2965	-0.01574
2970	-0.04976
2975	-0.07549
2980	0.1042
2985	0.09141
2990	-0.07338
2995	-0.01422
3000	0.002598
3005	-0.1397
3010	-0.1454
3015	-0.1014
3020	0.03662
3025	-0.009314
3030	-0.1373
3035	-0.1129
3040	-0.1026
3045	-0.1659
3050	-0.05358
3055	-0.06368
3060	-0.1056
3065	-0.02195
3070	-0.08773
3075	-0.04401
3080	-0.09608
3085	-0.02861
3090	-0.115
3095	-0.08369
3100	-0.08339
3105	0.02049
3110	-0.11
3115	-0.06622
3120	-0.05086
3125	-0.04811
3130	-0.04502
3135	-0.0518
3140	-0.1084
3145	0.06625
3150	-0.0374
3155	-0.04373
3160	-0.1
3165	-0.1084
3170	-0.1352
3175	-0.1174
3180	-0.09819
3185	-0.01672
3190	0.004307
3195	-0.07121
3200	-0.07502
3205	-0.08216
3210	-0.01365
3215	-0.05736
3220	-0.05207
3225	-0.01139
3230	-0.05802
3235	-0.09715
3240	-0.08257
3245	-0.02913
3250	-0.06809
3255	-0.1176
3260	-0.1041
3265	-0.09896
3270	-0.02831
3275	0.01723
3280	-0.03202
3285	-0.1097
3290	0.02627
3295	0.09275
3300	-0.0872
3305	0.01088
3310	-0.01309
3315	-0.08597
3320	-0.1147
3325	-0.04516
3330	-0.2049
3335	-0.1773
3340	-0.09626
3345	-0.04922
3350	-0.006089
3355	0.02369
3360	0.01538
3365	-0.07488
3370	-0.1372
3375	-0.01861
3380	-0.03641
3385	0.04923
3390	0.07101
3395	-0.06088
3400	-0.1048
3405	-0.08624
3410	-0.1222
3415	-0.07308
3420	-0.00701
3425	-0.07337
3430	-0.02506
3435	-0.1198
3440	-0.03608
3445	-0.01127
3450	0.0104
3455	-0.1752
3460	-0.1048
3465	-0.0782
3470	0.003465
3475	0.02166
3480	-0.03162
3485	-0.01308
3490	-0.04404
3495	-0.08295
3500	-0.1088
3505	-0.04843
3510	-0.002962
3515	0.04459
3520	-0.0298
3525	-0.00929
3530	-0.03461
3535	-0.06531
3540	0.007565
3545	0.1159
3550	0.04942
3555	0.04552
3560	0.04875
3565	0.1031
3570	0.02607
3575	-0.07728
3580	-0.09568
3585	-0.01126
3590	-0.0142
3595	-0.03804
3600	-0.08364
3605	-0.09233
3610	-0.09486
3615	-0.1383
3620	-0.05446
3625	-0.0864
3630	-0.06277
3635	-0.1451
3640	-0.0619
3645	-0.1841
3650	-0.1654
3655	-0.1787
3660	-0.1219
3665	-0.04496
3670	-0.07517
3675	-0.04133
3680	0.01957
3685	-0.04221
3690	-0.004928
3695	-0.01429
3700	0.02008
3705	0.02636
3710	-0.05398
3715	-0.02658
3720	0.0322
3725	-0.02593
3730	0.07462
3735	0.08496
3740	0.09109
3745	-0.051
3750	0.09769
3755	0.02818
3760	-0.1586
3765	-0.134
3770	-0.1117
3775	-0.009335
3780	-0.07797
3785	0.0203
3790	0.01409
3795	-0.07276
3800	-0.03538
3805	-0.09676
3810	-0.1789
3815	-0.1059
3820	0.01332
3825	-0.04948
3830	-6.702E-4
3835	-0.05933
3840	-0.02781
3845	0.03261
3850	0.0178
3855	-0.001366
3860	-0.1148
3865	-0.06234
3870	-0.02816
3875	-0.185
3880	-0.1129
3885	-0.06936
3890	-0.09872
3895	-0.05282
3900	-0.06683
3905	-0.00728
3910	-0.04709
3915	-0.07337
3920	-0.07538
3925	0.02331
3930	-0.04415
3935	-0.002904
3940	0.06487
3945	-0.0895
3950	-0.05329
3955	-0.08945
3960	0.00592
3965	-0.04079
3970	-0.003019
3975	0.02209
3980	0.007757
3985	-0.001901
3990	-0.1912
3995	-0.1882
4000	-0.0336
4005	-0.03727
4010	-0.1568
4015	-0.1392
4020	-0.07728
4025	-0.1131
4030	-0.01273
4035	-0.0314
4040	-0.08243
4045	-0.07008
4050	-0.02535
4055	-0.09996
4060	-0.1893
4065	-0.1579
4070	-0.08017
4075	-0.09008
4080	-0.06448
4085	-0.003414
4090	-0.08299
4095	-0.1056
4100	-0.06264
4105	0.01623
4110	0.007023
4115	-0.07109
4120	-0.06309
4125	-0.1581
4130	-0.06117
4135	-0.03424
4140	0.05839
4145	-0.09356
4150	-0.01834
4155	0.006237
4160	-0.03777
4165	-0.1239
4170	-0.1599
4175	-0.1696
4180	-0.07226
4185	0.03302
4190	0.009873
4195	-0.09827
4200	-0.1094
4205	-0.09855
4210	0.04259
4215	0.04033
4220	0.03269
4225	-0.08955
4230	-0.1508
4235	0.006732
4240	-0.04241
4245	-0.08557
4250	-0.001062
4255	0.1045
4260	0.02764
4265	0.06534
4270	-0.004875
4275	-0.0417
4280	-0.2177
4285	-0.1758
4290	-0.04336
4295	-0.02723
4300	-0.05049
4305	-0.1668
4310	-0.1624
4315	-0.1297
4320	-0.08861
4325	0.02104
4330	-0.05587
4335	-0.1558
4340	-0.09501
4345	-0.02685
4350	0.03448
4355	0.1617
4360	0.1103
4365	0.1529
4370	-0.01866
4375	0.01571
4380	-0.04058
4385	-0.03555
4390	-0.08714
4395	0.01029
4400	-0.07629
4405	0.009227
4410	-0.08547
4415	-0.06747
4420	-0.1596
4425	-0.1021
4430	-0.03848
4435	-0.03292
4440	-0.05175
4445	-0.06839
4450	-0.0971
4455	-0.00305
4460	-0.1768
4465	-0.1015
4470	-0.1333
4475	0.02387
4480	-0.1733
4485	-0.1342
4490	-0.1201
4495	-0.06827
4500	-0.118
4505	-0.04267
4510	-0.06336
4515	-0.05243
4520	-0.1434
4525	-0.07103
4530	0.04069
4535	-0.05625
4540	-0.166
4545	-0.06385
4550	-0.01954
4555	0.04749
4560	-0.0714
4565	0.01598
4570	0.04333
4575	-0.06268
4580	0.07157
4585	-0.03023
4590	-0.1097
4595	-0.002586
4600	-0.0444
4605	-0.003433
4610	-0.05037
4615	-0.05485
4620	-0.05048
4625	-0.2201
4630	-0.1166
4635	0.01078
4640	-0.05651
4645	0.00634
4650	0.01267
4655	-0.03503
4660	-0.07721
4665	-0.2008
4670	-0.1568
4675	-0.05514
4680	-0.1162
4685	-0.1393
4690	-6.225E-4
4695	-0.1072
4700	-0.09479
4705	-0.09584
4710	-0.04759
4715	-0.05676
4720	-0.09987
4725	-0.0392
4730	-0.08992
4735	-0.07412
4740	-0.1442
4745	-0.1662
4750	-0.194
4755	-0.1812
4760	-0.01261
4765	0.005953
4770	0.01324
4775	-0.041
4780	-0.01989
4785	-0.142
4790	-0.009728
4795	-0.0619
4800	-0.07416
4805	-0.06128
4810	-0.1028
4815	-0.09492
4820	-0.04155
4825	-0.04568
4830	-0.07081
4835	-0.08123
4840	-0.08391
4845	-0.0469
4850	-0.0359
4855	-0.0444
4860	-0.08781
4865	-0.2276
4870	-0.2578
4875	-0.1038
4880	-0.08547
4885	-0.1976
4890	-0.09825
4895	-0.00295
4900	0.05352
4905	0.0292
4910	-0.0332
4915	-0.03045
4920	-0.06612
4925	-0.1617
4930	-0.09557
4935	-0.05814
4940	0.06911
4945	-0.05689
4950	-0.03345
4955	-0.1394
4960	-0.116
4965	0.05446
4970	0.03636
4975	-0.04391
4980	-0.08566
4985	-0.07149
4990	-0.1744
4995	-0.1449
5000	-0.08931
5005	-0.05821
5010	0.05694
5015	-0.007836
5020	-0.04641
5025	-0.1316
5030	-0.01269
5035	-0.003681
5040	-0.1833
5045	-0.04067
5050	-0.1674
5055	-0.03506
5060	-0.03191
5065	-0.07502
5070	-0.06758
5075	-0.04887
5080	-0.02125
5085	-0.08861
5090	-0.04159
5095	-0.02975
5100	-0.03223
5105	-0.08197
5110	-0.1584
5115	3.292E-4
5120	0.08685
5125	0.006551
5130	0.01255
5135	-0.01817
5140	-0.02233
5145	-0.1652
5150	-0.09268
5155	-0.08344
5160	-0.06665
5165	-0.07654
5170	-0.122
5175	-0.1673
5180	-0.2263
5185	0.01439
5190	-0.08671
5195	-0.185
5200	-0.08595
5205	-0.1228
5210	-0.1149
5215	-0.05699
5220	-0.2201
5225	-0.08324
5230	-0.1664
5235	-0.1775
5240	-0.1195
5245	-0.01758
5250	-0.02014
5255	0.02012
5260	0.04878
5265	-0.001891
5270	-0.0133
5275	-0.08429
5280	-0.03132
5285	0.004289
5290	-0.04995
5295	-0.03219
5300	0.0636
5305	-0.05813
5310	-0.01224
5315	-0.04482
5320	-0.2151
5325	-0.167
5330	-0.1182
5335	-0.1961
5340	-0.1213
5345	-0.2067
5350	-0.03338
5355	-0.04428
5360	-0.08345
5365	0.02326
5370	0.002825
5375	-0.05494
5380	-0.1044
5385	0.003563
5390	-0.09142
5395	0.01739
5400	-0.009604
5405	0.03427
5410	0.06949
5415	-0.1267
5420	-0.102
5425	-0.1319
5430	-0.1228
5435	-0.02902
5440	-0.05957
5445	-0.1746
5450	-0.1049
5455	-0.1594
5460	0.03974
5465	0.0318
5470	0.02212
5475	-0.08016
5480	-0.07224
5485	0.08901
5490	0.09628
5495	0.06427
5500	-0.1614
5505	-0.1257
5510	-0.08796
5515	-0.03364
5520	-0.1041
5525	-0.07043
5530	-0.01573
5535	-0.0633
5540	-0.07562
5545	-0.1186
5550	0.01126
5555	0.0109
5560	-0.05947
5565	-0.09597
5570	-0.02496
5575	-0.0934
5580	-0.05908
5585	-0.09558
5590	0.008079
5595	-0.01754
5600	-0.08678
5605	-0.04532
5610	0.06157
5615	0.02618
5620	-0.02619
5625	-0.06343
5630	-0.117
5635	-0.02149
5640	-0.002502
5645	-0.1274
5650	-0.144
5655	-0.02592
5660	-0.04946
5665	-0.1711
5670	-0.1437
5675	-0.06582
5680	-0.1764
5685	-0.1596
5690	-0.09791
5695	-0.08927
5700	-0.0121
5705	-0.0656
5710	-0.1244
5715	-0.04229
5720	-0.1213
5725	-0.05596
5730	-0.02023
5735	0.01668
5740	-0.06202
5745	-0.06706
5750	-0.09608
5755	-0.08858
5760	-0.03611
5765	0.05379
5770	-0.007028
5775	-0.05308
5780	-0.0706
5785	-0.1383
5790	-0.09537
5795	-0.1653
5800	-0.1863
5805	-0.1387
5810	-0.03534
5815	-0.1014
5820	-0.1195
5825	-0.07992
5830	-0.1416
5835	-0.07495
5840	-0.08994
5845	-0.1617
5850	6.122E-4
5855	-0.04955
5860	-0.07127
5865	-0.07625
5870	-0.1444
5875	-0.1259
5880	-0.03894
5885	-0.01724
5890	-0.06471
5895	0.008974
5900	-0.1202
5905	-0.08586
5910	-0.03517
5915	-0.115
5920	0.07204
5925	0.01499
5930	-0.06245
5935	0.02322
5940	-0.04464
5945	-0.07442
5950	-0.09806
5955	-0.04481
5960	-0.001288
5965	-0.01116
5970	-0.05077
5975	-0.083
5980	-0.1398
5985	-0.06873
5990	-0.02704
5995	0.01392
6000	-0.04846
6005	0.04571
6010	-0.06272
6015	-0.05641
6020	-0.1336
6025	-0.08386
6030	-0.147
6035	-0.09314
6040	-0.1364
6045	-0.04325
6050	-0.0825
6055	-0.05175
6060	-0.1031
6065	-0.07489
6070	0.04485
6075	0.02022
6080	-0.0939
6085	-0.09679
6090	-0.1731
6095	0.00188
6100	-0.01757
6105	-0.03351
6110	-0.0132
6115	-0.02338
6120	-0.06
6125	-0.1281
6130	-0.07905
6135	-0.08108
6140	-0.03347
6145	-0.08547
6150	-0.02082
6155	-0.03179
6160	0.01977
6165	-0.0155
6170	-0.02684
6175	-0.05476
6180	-0.09819
6185	-0.04955
6190	-0.0519
6195	0.02858
6200	6.546E-7
6205	0.0258
6210	-0.06723
6215	-0.01819
6220	-0.09961
6225	-0.03465
6230	-0.07422
6235	-0.1442
6240	-0.15
6245	-0.05431
6250	-0.1724
6255	-0.1244
6260	-0.1464
6265	-0.03136
6270	-0.08929
6275	-0.1115
6280	-0.1577
6285	-0.08186
6290	-0.1
6295	-0.1828
6300	-0.1126
6305	-0.07916
6310	-0.02733
6315	0.05498
6320	-0.06058
6325	-0.1186
6330	-0.1152
6335	-0.1225
6340	-0.03647
6345	-0.07933
6350	-0.07834
6355	-0.111
6360	-0.1832
6365	-0.08634
6370	-0.0287
6375	-0.01601
6380	-0.04957
6385	0.02932
6390	0.009991
6395	-0.05606
6400	-0.03816
6405	0.02326
6410	0.07541
6415	-0.1312
6420	-0.1595
6425	-0.101
6430	-0.08031
6435	-0.1569
6440	-0.1616
6445	-0.09017
6450	-0.08499
6455	-0.1182
6460	-0.1393
6465	-0.149
6470	-0.01002
6475	-0.05052
6480	-0.1449
6485	-0.06963
6490	-0.104
6495	-0.0683
6500	-0.03703
6505	-0.04091
6510	-0.03677
6515	0.01868
6520	0.008946
6525	-0.03387
6530	-0.06053
6535	-0.07277
6540	-0.02336
6545	-0.04747
6550	-0.215
6555	-0.1271
6560	-0.07081
6565	-0.009567
6570	-0.02787
6575	-0.04922
6580	-0.08824
6585	-0.1128
6590	-0.02798
6595	0.01231
6600	0.04839
6605	0.03123
6610	-0.01163
6615	-0.06573
6620	-0.1053
6625	-0.03237
6630	-0.0951
6635	-0.04957
6640	-0.004271
6645	-0.07972
6650	0.03538
6655	-0.08717
6660	-0.2359
6665	-0.06543
6670	-0.1206
6675	-0.1384
6680	-0.03151
6685	-0.03242
6690	-0.1224
6695	-0.123
6700	-0.06148
6705	-0.03146
6710	-0.02113
6715	-0.08975
6720	-0.07296
6725	-0.1956
6730	-0.1106
6735	-0.1338
6740	-0.1049
6745	-0.03012
6750	0.003704
6755	-0.006297
6760	0.01755
6765	-0.03225
6770	-0.05848
6775	-0.05314
6780	-0.05656
6785	-0.122
6790	-0.06276
6795	-0.005545
6800	-0.034
6805	0.05963
6810	-0.04414
6815	-0.007384
6820	-0.07603
6825	-0.06431
6830	-0.09713
6835	-0.03143
6840	-0.109
6845	-0.1005
6850	-0.07879
6855	-0.03522
6860	-0.1098
6865	-0.1085
6870	0.003365
6875	0.03453
6880	0.029
6885	0.1472
6890	-0.06873
6895	-0.08562
6900	-0.1485
6905	-0.1331
6910	-0.05937
6915	-0.005514
6920	-0.04257
6925	-0.1013
6930	-0.1432
6935	-0.1144
6940	-0.1498
6945	-0.08078
6950	-0.05761
6955	4.277E-4
6960	-0.1222
6965	-0.08095
6970	-0.09424
6975	-0.1057
6980	-0.1095
6985	-0.06162
6990	0.02057
6995	0.03433
2000	0.1078
2005	0.2454
2010	0.05277
2015	0.1065
2020	0.1968
2025	0.1038
2030	0.1919
2035	0.1762
2040	0.2526
2045	0.2029
2050	0.1729
2055	0.1944
2060	0.1486
2065	0.1623
2070	0.1542
2075	0.05106
2080	0.003262
2085	0.174
2090	0.07812
2095	0.1281
2100	0.06923
2105	0.08833
2110	0.2162
2115	0.1759
2120	0.3048
2125	0.2784
2130	0.137
2135	0.1588
2140	0.2209
2145	0.1804
2150	0.2906
2155	0.2292
2160	0.1894
2165	0.3618
2170	0.1703
2175	0.3231
2180	0.2653
2185	0.1354
2190	0.2293
2195	0.06617
2200	0.2948
2205	0.1525
2210	0.1764
2215	0.2067
2220	0.3337
2225	0.2837
2230	0.3062
2235	0.1998
2240	0.2948
2245	0.3805
2250	0.3957
2255	0.2423
2260	0.0929
2265	0.2389
2270	0.2068
2275	0.213
2280	0.1879
2285	0.315
2290	0.1691
2295	0.2442
2300	0.3101
2305	0.1753
2310	0.07592
2315	0.2469
2320	0.3221
2325	0.3039
2330	0.1765
2335	0.1981
2340	0.1646
2345	0.186
2350	0.2432
2355	0.1379
2360	0.3454
2365	0.2969
2370	0.09866
2375	0.1264
2380	-0.02098
2385	0.09039
2390	0.1017
2395	0.09729
2400	0.215
2405	0.3047
2410	0.1861
2415	0.1941
2420	0.1352
2425	0.1233
2430	0.2775
2435	0.1711
2440	0.3486
2445	0.2751
2450	0.256
2455	0.2944
2460	0.2213
2465	0.3168
2470	0.2081
2475	0.1882
2480	0.1145
2485	0.1519
2490	0.1848
2495	0.1881
2500	0.1269
2505	0.06611
2510	0.1419
2515	0.2748
2520	0.3452
2525	0.2145
2530	0.2396
2535	0.23
2540	0.159
2545	0.2983
2550	0.1843
2555	0.1683
2560	0.1396
2565	0.2387
2570	0.1571
2575	0.1184
2580	0.1508
2585	0.3988
2590	0.2481
2595	0.2995
2600	0.02482
2605	0.2397
2610	0.2705
2615	0.1312
2620	0.2406
2625	0.2925
2630	0.1442
2635	0.2585
2640	0.1881
2645	0.139
2650	0.0999
2655	0.1752
2660	0.07221
2665	0.2916
2670	0.05906
2675	0.1568
2680	0.06449
2685	0.1673
2690	0.2891
2695	0.1813
2700	0.0975
2705	0.1785
2710	0.1759
2715	0.1552
2720	0.134
2725	0.02632
2730	0.05599
2735	0.1198
2740	0.1939
2745	0.2397
2750	0.3478
2755	0.1511
2760	0.3027
2765	0.2033
2770	0.1981
2775	0.2543
2780	0.2542
2785	0.2083
2790	0.1924
2795	0.2712
2800	0.2694
2805	0.08118
2810	0.09628
2815	0.054
2820	0.01326
2825	0.02047
2830	0.2621
2835	0.1363
2840	0.176
2845	0.1612
2850	0.2083
2855	0.1944
2860	0.1773
2865	0.1051
2870	0.138
2875	0.1967
2880	0.0924
2885	0.2387
2890	0.1797
2895	0.2226
2900	0.3229
2905	0.2008
2910	0.1886
2915	0.1948
2920	0.06512
2925	0.1454
2930	0.1445
2935	0.1621
2940	0.3556
2945	0.2548
2950	0.2441
2955	0.2359
2960	0.3267
2965	0.2627
2970	0.1296
2975	0.1198
2980	0.1686
2985	0.2259
2990	0.2742
2995	0.1071
3000	0.3248
3005	0.1835
3010	0.2125
3015	0.2226
3020	0.1166
3025	0.2016
3030	0.2213
3035	0.1214
3040	0.01034
3045	0.04774
3050	0.3247
3055	0.1586
3060	0.153
3065	0.2846
3070	0.2157
3075	0.1648
3080	0.1241
3085	0.2513
3090	0.1392
3095	0.05801
3100	0.1786
3105	0.2111
3110	0.15
3115	0.1145
3120	0.2238
3125	0.2552
3130	0.2234
3135	0.2398
3140	0.2271
3145	0.2348
3150	0.2755
3155	0.357
3160	0.1973
3165	0.009973
3170	0.2165
3175	0.09159
3180	0.2387
3185	0.1781
3190	0.2816
3195	0.2193
3200	0.1606
3205	0.1541
3210	0.1585
3215	0.2339
3220	0.2394
3225	0.3185
3230	0.1911
3235	0.2381
3240	0.01508
3245	0.1117
3250	0.1777
3255	0.1395
3260	0.1338
3265	0.07695
3270	0.1753
3275	0.4386
3280	0.291
3285	0.3501
3290	0.2484
3295	0.3756
3300	0.2548
3305	0.371
3310	0.3477
3315	0.2138
3320	0.1187
3325	0.1537
3330	0.1671
3335	0.2234
3340	0.217
3345	0.1947
3350	0.3982
3355	0.3415
3360	0.305
3365	0.202
3370	0.1608
3375	0.08352
3380	0.2268
3385	0.3693
3390	0.31
3395	0.2036
3400	0.129
3405	0.255
3410	0.03183
3415	0.2675
3420	0.1994
3425	0.2482
3430	0.04168
3435	0.1585
3440	0.2914
3445	0.133
3450	0.2264
3455	0.1316
3460	0.1535
3465	0.1856
3470	0.04168
3475	0.2054
3480	0.4325
3485	0.24
3490	0.2551
3495	0.2737
3500	0.2895
3505	0.2349
3510	0.2583
3515	0.2129
3520	0.283
3525	0.2179
3530	0.1335
3535	0.1805
3540	0.1744
3545	0.1508
3550	0.205
3555	0.2716
3560	0.1829
3565	0.1631
3570	0.2854
3575	0.2827
3580	0.1765
3585	0.2848
3590	0.2149
3595	0.3493
3600	0.2775
3605	0.2276
3610	0.2413
3615	0.2549
3620	0.1333
3625	0.213
3630	0.2133
3635	0.2534
3640	0.1993
3645	0.06163
3650	0.2653
3655	0.08778
3660	0.2034
3665	0.2329
3670	0.1773
3675	0.2441
3680	0.225
3685	0.1276
3690	0.2246
3695	0.37
3700	0.1194
3705	0.1971
3710	0.2744
3715	0.1735
3720	0.2238
3725	0.3321
3730	0.2927
3735	0.3977
3740	0.2549
3745	0.1383
3750	0.2272
3755	0.3965
3760	0.155
3765	0.07771
3770	0.1966
3775	0.2185
3780	0.1027
3785	0.3046
3790	0.2352
3795	0.1142
3800	0.2368
3805	0.1926
3810	0.1047
3815	0.2178
3820	0.1955
3825	0.2191
3830	0.1777
3835	0.1922
3840	0.3707
3845	0.2603
3850	0.1243
3855	0.1431
3860	0.1447
3865	0.2187
3870	0.2362
3875	0.1878
3880	0.2284
3885	0.06646
3890	0.2066
3895	0.3452
3900	0.4513
3905	0.1545
3910	0.1529
3915	0.1462
3920	0.1575
3925	0.1643
3930	0.2143
3935	0.1501
3940	0.2054
3945	0.1174
3950	0.2735
3955	0.2202
3960	0.1709
3965	0.1174
3970	0.289
3975	0.2411
3980	0.1413
3985	0.0851
3990	0.1748
3995	0.05677
4000	0.2392
4005	-0.04774
4010	0.04875
4015	0.2066
4020	0.1105
4025	0.1862
4030	0.08161
4035	0.3256
4040	0.2483
4045	0.2104
4050	0.1501
4055	0.0904
4060	0.02815
4065	0.1616
4070	0.2031
4075	0.2224
4080	0.2934
4085	0.3647
4090	0.2147
4095	0.2644
4100	0.2192
4105	0.2613
4110	0.1427
4115	0.2785
4120	0.3375
4125	0.07717
4130	0.1235
4135	0.3146
4140	0.3457
4145	0.1595
4150	0.09584
4155	0.2999
4160	0.3109
4165	0.05153
4170	0.229
4175	0.2156
4180	0.1744
4185	0.2686
4190	0.07982
4195	0.3143
4200	0.1791
4205	0.1645
4210	0.1973
4215	0.284
4220	0.2324
4225	0.1237
4230	0.2707
4235	0.253
4240	0.2349
4245	0.2804
4250	0.1057
4255	0.3421
4260	0.1528
4265	0.2397
4270	0.2563
4275	0.1779
4280	0.2399
4285	0.07561
4290	0.1897
4295	0.08648
4300	0.2075
4305	0.1893
4310	0.2964
4315	0.1983
4320	0.2523
4325	0.2887
4330	0.213
4335	0.1174
4340	0.2253
4345	0.1803
4350	0.3866
4355	0.3905
4360	0.3025
4365	0.3342
4370	0.2044
4375	0.2518
4380	0.1992
4385	0.1717
4390	0.3041
4395	0.2103
4400	0.1543
4405	0.1417
4410	0.2279
4415	0.1743
4420	0.2188
4425	0.07801
4430	0.1156
4435	0.08959
4440	0.2661
4445	0.1909
4450	0.08008
4455	0.07842
4460	0.05282
4465	0.155
4470	0.04159
4475	0.1309
4480	0.2337
4485	0.1203
4490	0.2379
4495	0.1516
4500	0.259
4505	0.28
4510	0.3645
4515	0.4813
4520	0.1635
4525	0.2146
4530	0.2529
4535	0.2402
4540	0.2544
4545	-0.01202
4550	0.2413
4555	0.2807
4560	0.182
4565	0.315
4570	0.2529
4575	0.1929
4580	0.2836
4585	0.2102
4590	0.2193
4595	0.1837
4600	0.2678
4605	0.1751
4610	0.1464
4615	0.2745
4620	0.2435
4625	0.08769
4630	0.1914
4635	0.1546
4640	0.1029
4645	0.1947
4650	0.2802
4655	0.2319
4660	0.2709
4665	-0.004086
4670	0.1444
4675	0.1693
4680	0.08691
4685	0.2292
4690	0.2195
4695	0.1404
4700	0.3065
4705	0.1564
4710	0.1471
4715	0.08838
4720	0.1119
4725	0.2851
4730	0.2235
4735	0.08148
4740	0.1833
4745	0.1419
4750	0.2178
4755	0.09625
4760	0.1758
4765	0.3218
4770	0.3636
4775	0.2471
4780	0.1932
4785	0.2026
4790	0.1586
4795	0.1245
4800	0.1688
4805	0.2355
4810	0.2803
4815	0.1904
4820	0.3111
4825	0.2019
4830	0.0926
4835	0.1236
4840	0.1915
4845	0.2065
4850	0.2797
4855	0.1834
4860	0.1463
4865	0.1126
4870	-0.02399
4875	0.01909
4880	0.1595
4885	0.07363
4890	0.1568
4895	0.2586
4900	0.2259
4905	0.06838
4910	0.2105
4915	0.1894
4920	0.2444
4925	0.03243
4930	0.1832
4935	0.3843
4940	0.2466
4945	0.1539
4950	0.1563
4955	0.2908
4960	0.05959
4965	0.1413
4970	0.2037
4975	0.1404
4980	0.1821
4985	0.183
4990	0.03405
4995	0.2201
5000	0.2625
5005	0.257
5010	0.2265
5015	0.2056
5020	0.2299
5025	0.08197
5030	0.3658
5035	0.1017
5040	0.2344
5045	0.1012
5050	0.1284
5055	0.2316
5060	0.2764
5065	0.173
5070	0.1237
5075	0.3558
5080	0.2407
5085	0.1167
5090	0.2789
5095	0.3032
5100	0.2448
5105	0.1169
5110	0.0639
5115	0.2234
5120	0.3059
5125	0.242
5130	0.2779
5135	0.07813
5140	0.3227
5145	0.1002
5150	0.1872
5155	0.05125
5160	0.17
5165	0.1874
5170	-0.004063
5175	0.1775
5180	0.04221
5185	0.2537
5190	0.2428
5195	0.04526
5200	0.1095
5205	0.05957
5210	0.133
5215	0.1834
5220	0.2119
5225	0.1688
5230	0.09697
5235	-0.009567
5240	0.1122
5245	0.001218
5250	0.1586
5255	0.1915
5260	0.1992
5265	0.2582
5270	0.1874
5275	0.2539
5280	0.2124
5285	0.383
5290	0.3303
5295	0.2728
5300	0.2495
5305	0.2798
5310	0.2676
5315	0.1488
5320	0.1786
5325	0.02329
5330	0.1223
5335	0.1274
5340	-0.03438
5345	0.08867
5350	0.2934
5355	0.3339
5360	0.245
5365	0.1959
5370	0.2554
5375	0.2194
5380	0.2509
5385	0.2691
5390	0.1051
5395	0.1739
5400	0.2458
5405	0.3345
5410	0.2745
5415	0.141
5420	0.2606
5425	0.04777
5430	0.1412
5435	0.1316
5440	0.265
5445	0.1748
5450	0.2164
5455	0.2677
5460	0.2553
5465	0.246
5470	0.3014
5475	0.08589
5480	0.1145
5485	0.1675
5490	0.36
5495	0.2091
5500	0.3639
5505	0.1742
5510	0.307
5515	0.2691
5520	0.1677
5525	0.1361
5530	0.1097
5535	0.1485
5540	0.3093
5545	0.07242
5550	0.2775
5555	0.2525
5560	0.1425
5565	0.2291
5570	0.2998
5575	0.172
5580	0.3632
5585	0.1265
5590	0.3092
5595	0.2786
5600	0.1708
5605	0.28
5610	0.3056
5615	0.2268
5620	0.2159
5625	0.2664
5630	0.1997
5635	0.2481
5640	0.1941
5645	0.243
5650	0.1471
5655	0.2406
5660	0.1908
5665	0.1814
5670	0.2103
5675	0.2552
5680	0.2578
5685	0.1062
5690	0.1971
5695	7.509E-4
5700	0.3224
5705	0.2766
5710	0.2629
5715	0.2237
5720	0.2415
5725	0.08021
5730	0.2665
5735	0.1701
5740	0.1849
5745	0.3845
5750	0.3742
5755	0.3914
5760	0.2919
5765	0.3399
5770	0.1282
5775	0.136
5780	0.251
5785	0.1904
5790	0.115
5795	0.1052
5800	0.115
5805	0.191
5810	0.1628
5815	0.1764
5820	0.2307
5825	0.1533
5830	0.01417
5835	0.1455
5840	0.1436
5845	0.165
5850	0.4566
5855	0.1799
5860	0.1226
5865	0.1297
5870	0.0449
5875	0.2187
5880	0.2868
5885	0.3387
5890	0.09095
5895	0.2004
5900	0.2277
5905	0.2392
5910	0.3035
5915	0.1448
5920	0.1991
5925	0.3235
5930	0.2946
5935	0.3208
5940	0.0592
5945	0.1945
5950	0.2009
5955	0.1573
5960	0.2234
5965	0.3982
5970	0.1506
5975	0.1696
5980	0.09081
5985	0.2307
5990	0.271
5995	0.3281
6000	0.2936
6005	0.1626
6010	0.1301
6015	0.1179
6020	0.1962
6025	0.1896
6030	0.1249
6035	0.1319
6040	-0.01491
6045	0.1732
6050	0.0216
6055	0.2207
6060	0.217
6065	0.2452
6070	0.376
6075	0.3135
6080	0.1341
6085	0.1789
6090	0.1704
6095	0.236
6100	0.2046
6105	0.2301
6110	0.08812
6115	0.2686
6120	0.1032
6125	0.2011
6130	0.2645
6135	0.1516
6140	0.2738
6145	0.2481
6150	0.2279
6155	0.3108
6160	0.1356
6165	0.2195
6170	0.237
6175	0.131
6180	0.1624
6185	0.3399
6190	0.2274
6195	0.1689
6200	0.1706
6205	0.2206
6210	0.2319
6215	0.235
6220	0.1329
6225	0.1393
6230	0.07249
6235	0.1996
6240	0.2109
6245	0.1291
6250	0.02866
6255	0.134
6260	0.1329
6265	0.1693
6270	0.2414
6275	0.316
6280	0.02538
6285	0.0897
6290	0.1195
6295	0.06688
6300	0.07307
6305	0.2145
6310	0.1852
6315	0.1988
6320	0.1895
6325	0.1218
6330	0.1495
6335	0.243
6340	0.1934
6345	0.2357
6350	0.2132
6355	0.06131
6360	0.2142
6365	0.04288
6370	0.03477
6375	0.4137
6380	0.1945
6385	0.341
6390	0.2698
6395	0.2755
6400	0.2137
6405	0.2605
6410	0.2421
6415	0.132
6420	0.1895
6425	0.2579
6430	0.1751
6435	0.1793
6440	0.007052
6445	0.1928
6450	0.2064
6455	0.1073
6460	0.04491
6465	0.04615
6470	0.127
6475	0.1985
6480	0.1319
6485	0.1477
6490	0.09812
6495	0.2419
6500	0.2058
6505	0.2293
6510	0.2169
6515	0.2119
6520	0.3673
6525	0.2142
6530	0.2319
6535	0.1567
6540	0.1827
6545	0.1452
6550	0.209
6555	0.01658
6560	0.2416
6565	0.05793
6570	0.1286
6575	0.3034
6580	0.1186
6585	0.1345
6590	0.2161
6595	0.2501
6600	0.2455
6605	0.2611
6610	0.2097
6615	0.128
6620	0.1318
6625	0.1413
6630	0.3298
6635	0.2264
6640	0.2091
6645	0.2468
6650	0.1557
6655	0.1201
6660	0.147
6665	0.1213
6670	0.1326
6675	0.086
6680	0.08509
6685	0.1584
6690	0.2553
6695	0.2373
6700	0.1648
6705	0.2537
6710	0.2341
6715	0.1461
6720	0.24
6725	0.1191
6730	0.2082
6735	0.1329
6740	0.1541
6745	0.2043
6750	0.1821
6755	0.2048
6760	0.1581
6765	0.1881
6770	0.5072
6775	0.1495
6780	0.1993
6785	0.1907
6790	0.3168
6795	0.2791
6800	0.3405
6805	0.2233
6810	0.2389
6815	0.2022
6820	0.2149
6825	0.2885
6830	0.1118
6835	0.1965
6840	0.2219
6845	0.07879
6850	0.2937
6855	0.2016
6860	0.2102
6865	0.0527
6870	0.1942
6875	0.243
6880	0.2882
6885	0.3724
6890	0.1547
6895	0.1605
6900	0.04421
6905	0.1839
6910	0.2919
6915	0.1132
6920	0.1399
6925	0.1547
6930	0.1551
6935	0.35
6940	0.1963
6945	0.2137
6950	0.2532
6955	0.2401
6960	0.1092
6965	0.1374
6970	0.193
6975	0.2137
6980	0.1432
6985	0.2045
6990	0.2593
6995	0.3067
