2000	0.4591
2005	0.4782
2010	0.4406
2015	0.4472
2020	0.4666
2025	0.4711
2030	0.442
2035	0.4336
2040	0.4583
2045	0.4522
2050	0.4561
2055	0.4451
2060	0.4948
2065	0.444
2070	0.4803
2075	0.4777
2080	0.4437
2085	0.472
2090	0.4351
2095	0.4929
2100	0.45
2105	0.4465
2110	0.4294
2115	0.4091
2120	0.4701
2125	0.416
2130	0.4359
2135	0.4773
2140	0.4811
2145	0.4316
2150	0.4495
2155	0.4258
2160	0.4476
2165	0.4798
2170	0.3917
2175	0.4109
2180	0.4215
2185	0.4213
2190	0.4424
2195	0.4334
2200	0.4731
2205	0.4378
2210	0.4459
2215	0.4167
2220	0.414
2225	0.4582
2230	0.444
2235	0.4158
2240	0.5068
2245	0.4954
2250	0.4633
2255	0.4442
2260	0.4119
2265	0.4754
2270	0.4353
2275	0.4275
2280	0.4449
2285	0.4153
2290	0.4352
2295	0.4588
2300	0.4569
2305	0.4287
2310	0.4349
2315	0.471
2320	0.4208
2325	0.48
2330	0.4791
2335	0.414
2340	0.4244
2345	0.451
2350	0.4509
2355	0.438
2360	0.4562
2365	0.4883
2370	0.4425
2375	0.4549
2380	0.4321
2385	0.4385
2390	0.4707
2395	0.4355
2400	0.4443
2405	0.4424
2410	0.444
2415	0.433
2420	0.4244
2425	0.4595
2430	0.4415
2435	0.4712
2440	0.4412
2445	0.4353
2450	0.4415
2455	0.4383
2460	0.4258
2465	0.4404
2470	0.4696
2475	0.4678
2480	0.4396
2485	0.4412
2490	0.4654
2495	0.4476
2500	0.4481
2505	0.4141
2510	0.4626
2515	0.4472
2520	0.4466
2525	0.4739
2530	0.4448
2535	0.415
2540	0.4528
2545	0.4846
2550	0.4188
2555	0.4311
2560	0.4644
2565	0.4768
2570	0.4733
2575	0.4466
2580	0.4711
2585	0.4339
2590	0.4065
2595	0.4468
2600	0.4254
2605	0.4392
2610	0.4314
2615	0.4652
2620	0.4881
2625	0.4187
2630	0.4708
2635	0.4265
2640	0.4327
2645	0.4794
2650	0.4159
2655	0.4577
2660	0.4377
2665	0.4309
2670	0.4512
2675	0.4842
2680	0.4772
2685	0.4417
2690	0.4489
2695	0.4281
2700	0.4662
2705	0.4497
2710	0.4324
2715	0.4425
2720	0.4227
2725	0.4752
2730	0.4238
2735	0.4158
2740	0.4481
2745	0.4568
2750	0.4576
2755	0.4394
2760	0.4163
2765	0.4676
2770	0.4732
2775	0.4233
2780	0.4252
2785	0.4327
2790	0.4592
2795	0.4531
2800	0.464
2805	0.4623
2810	0.4472
2815	0.4347
2820	0.4506
2825	0.4333
2830	0.4328
2835	0.4794
2840	0.4541
2845	0.5028
2850	0.4347
2855	0.4771
2860	0.4524
2865	0.4724
2870	0.4366
2875	0.4515
2880	0.4568
2885	0.4451
2890	0.4034
2895	0.4587
2900	0.4456
2905	0.4429
2910	0.4328
2915	0.4052
2920	0.504
2925	0.4423
2930	0.4455
2935	0.5021
2940	0.4682
2945	0.4492
2950	0.4563
2955	0.4532
2960	0.4741
2965	0.4654
2970	0.4222
2975	0.4175
2980	0.4226
2985	0.4713
2990	0.4679
2995	0.4516
3000	0.4646
3005	0.4205
3010	0.5133
3015	0.488
3020	0.4018
3025	0.4323
3030	0.4448
3035	0.4269
3040	0.4515
3045	0.4792
3050	0.4484
3055	0.4534
3060	0.4696
3065	0.4516
3070	0.4534
3075	0.4734
3080	0.4621
3085	0.4415
3090	0.4557
3095	0.4039
3100	0.4485
3105	0.4703
3110	0.4247
3115	0.4534
3120	0.4847
3125	0.4482
3130	0.4639
3135	0.4568
3140	0.4904
3145	0.4317
3150	0.4619
3155	0.4695
3160	0.4018
3165	0.4546
3170	0.4465
3175	0.4586
3180	0.4492
3185	0.4651
3190	0.4844
3195	0.4388
3200	0.4399
3205	0.4514
3210	0.4861
3215	0.4421
3220	0.4095
3225	0.4277
3230	0.4498
3235	0.4282
3240	0.4605
3245	0.4677
3250	0.4804
3255	0.4648
3260	0.4549
3265	0.4875
3270	0.4564
3275	0.445
3280	0.4483
3285	0.4152
3290	0.4578
3295	0.4296
3300	0.4652
3305	0.4223
3310	0.4446
3315	0.4413
3320	0.4609
3325	0.4694
3330	0.4968
3335	0.4528
3340	0.4229
3345	0.4495
3350	0.4387
3355	0.456
3360	0.4499
3365	0.4788
3370	0.4149
3375	0.4369
3380	0.4513
3385	0.4243
3390	0.4693
3395	0.4527
3400	0.4282
3405	0.4482
3410	0.4479
3415	0.4476
3420	0.4642
3425	0.4378
3430	0.4147
3435	0.468
3440	0.4692
3445	0.4812
3450	0.4395
3455	0.4998
3460	0.448
3465	0.4204
3470	0.4687
3475	0.3885
3480	0.4359
3485	0.4674
3490	0.4084
3495	0.4982
3500	0.4414
3505	0.4365
3510	0.4619
3515	0.4171
3520	0.4173
3525	0.4004
3530	0.4019
3535	0.4297
3540	0.4219
3545	0.434
3550	0.4363
3555	0.4489
3560	0.4552
3565	0.4404
3570	0.3938
3575	0.3915
3580	0.4416
3585	0.4687
3590	0.422
3595	0.4623
3600	0.4816
3605	0.4796
3610	0.4534
3615	0.4538
3620	0.4633
3625	0.4585
3630	0.4454
3635	0.4645
3640	0.4781
3645	0.4517
3650	0.4418
3655	0.4444
3660	0.4411
3665	0.4416
3670	0.4754
3675	0.4571
3680	0.4761
3685	0.4738
3690	0.4419
3695	0.4437
3700	0.4587
3705	0.4775
3710	0.4187
3715	0.4523
3720	0.4427
3725	0.4327
3730	0.451
3735	0.4542
3740	0.5086
3745	0.4541
3750	0.4393
3755	0.454
3760	0.4664
3765	0.4487
3770	0.4368
3775	0.4702
3780	0.4568
3785	0.4427
3790	0.4696
3795	0.4565
3800	0.4548
3805	0.4486
3810	0.4636
3815	0.4553
3820	0.4576
3825	0.4453
3830	0.4584
3835	0.4516
3840	0.455
3845	0.483
3850	0.4308
3855	0.4339
3860	0.4474
3865	0.4521
3870	0.4615
3875	0.4305
3880	0.46
3885	0.4299
3890	0.4472
3895	0.4445
3900	0.4681
3905	0.454
3910	0.4478
3915	0.488
3920	0.4633
3925	0.4102
3930	0.4628
3935	0.4809
3940	0.4489
3945	0.467
3950	0.4156
3955	0.4589
3960	0.4212
3965	0.4071
3970	0.474
3975	0.4776
3980	0.446
3985	0.4309
3990	0.4279
3995	0.4716
4000	0.4187
4005	0.4922
4010	0.4805
4015	0.4567
4020	0.4153
4025	0.4636
4030	0.452
4035	0.4491
4040	0.439
4045	0.4499
4050	0.4347
4055	0.4583
4060	0.4467
4065	0.4441
4070	0.4181
4075	0.4541
4080	0.4709
4085	0.4872
4090	0.4614
4095	0.4298
4100	0.4429
4105	0.4225
4110	0.4316
4115	0.4852
4120	0.4835
4125	0.4574
4130	0.4205
4135	0.4583
4140	0.4736
4145	0.4582
4150	0.4461
4155	0.4625
4160	0.4969
4165	0.4467
4170	0.4751
4175	0.4426
4180	0.4917
4185	0.431
4190	0.4347
4195	0.4247
4200	0.4821
4205	0.4294
4210	0.4221
4215	0.4505
4220	0.4525
4225	0.4793
4230	0.4349
4235	0.4325
4240	0.4758
4245	0.4729
4250	0.4433
4255	0.4652
4260	0.4547
4265	0.4632
4270	0.4271
4275	0.4796
4280	0.4455
4285	0.4443
4290	0.4681
4295	0.4504
4300	0.4736
4305	0.4607
4310	0.4612
4315	0.4486
4320	0.4733
4325	0.4507
4330	0.4778
4335	0.4421
4340	0.4652
4345	0.4318
4350	0.4743
4355	0.4688
4360	0.437
4365	0.4441
4370	0.4633
4375	0.4453
4380	0.4543
4385	0.4609
4390	0.4711
4395	0.492
4400	0.4375
4405	0.4454
4410	0.4641
4415	0.4572
4420	0.4489
4425	0.4591
4430	0.4612
4435	0.4808
4440	0.4693
4445	0.443
4450	0.4364
4455	0.4797
4460	0.4391
4465	0.438
4470	0.4549
4475	0.4982
4480	0.4708
4485	0.4561
4490	0.4379
4495	0.4652
4500	0.476
4505	0.4372
4510	0.4492
4515	0.4348
4520	0.4388
4525	0.4938
4530	0.4411
4535	0.4401
4540	0.4984
4545	0.4232
4550	0.4676
4555	0.4519
4560	0.4719
4565	0.421
4570	0.4507
4575	0.4429
4580	0.4307
4585	0.4212
4590	0.443
4595	0.4302
4600	0.4262
4605	0.4454
4610	0.4355
4615	0.4273
4620	0.4474
4625	0.481
4630	0.4258
4635	0.4345
4640	0.4973
4645	0.4589
4650	0.4474
4655	0.4714
4660	0.442
4665	0.4728
4670	0.4378
4675	0.4998
4680	0.4752
4685	0.4389
4690	0.4858
4695	0.4787
4700	0.4564
4705	0.4711
4710	0.4346
4715	0.4262
4720	0.4366
4725	0.4449
4730	0.4629
4735	0.4787
4740	0.4675
4745	0.4175
4750	0.453
4755	0.4831
4760	0.457
4765	0.4437
4770	0.4598
4775	0.4241
4780	0.4112
4785	0.4372
4790	0.4227
4795	0.4382
4800	0.4764
4805	0.4505
4810	0.4158
4815	0.4651
4820	0.4463
4825	0.4654
4830	0.4452
4835	0.4562
4840	0.4464
4845	0.4362
4850	0.4742
4855	0.4775
4860	0.4533
4865	0.4248
4870	0.4386
4875	0.4202
4880	0.4227
4885	0.4577
4890	0.4584
4895	0.4521
4900	0.4259
4905	0.4362
4910	0.422
4915	0.3992
4920	0.3973
4925	0.4265
4930	0.4801
4935	0.4673
4940	0.4286
4945	0.4466
4950	0.4489
4955	0.4703
4960	0.448
4965	0.4183
4970	0.4514
4975	0.4515
4980	0.4466
4985	0.4567
4990	0.4692
4995	0.4752
5000	0.4628
5005	0.4207
5010	0.4284
5015	0.4378
5020	0.438
5025	0.4459
5030	0.4462
5035	0.4551
5040	0.4591
5045	0.4205
5050	0.4545
5055	0.4445
5060	0.4518
5065	0.446
5070	0.4794
5075	0.4663
5080	0.498
5085	0.4329
5090	0.4531
5095	0.4834
5100	0.4277
5105	0.4377
5110	0.4236
5115	0.4505
5120	0.4595
5125	0.4473
5130	0.4447
5135	0.4821
5140	0.4393
5145	0.4503
5150	0.4061
5155	0.4281
5160	0.4801
5165	0.4529
5170	0.4412
5175	0.4598
5180	0.4155
5185	0.4734
5190	0.4889
5195	0.4676
5200	0.4388
5205	0.4587
5210	0.4399
5215	0.4501
5220	0.4201
5225	0.44
5230	0.4633
5235	0.4786
5240	0.4452
5245	0.4547
5250	0.429
5255	0.5016
5260	0.4222
5265	0.4527
5270	0.4682
5275	0.4356
5280	0.4479
5285	0.4336
5290	0.4815
5295	0.4483
5300	0.5242
5305	0.4635
5310	0.4834
5315	0.4229
5320	0.4401
5325	0.4494
5330	0.465
5335	0.456
5340	0.4747
5345	0.4688
5350	0.473
5355	0.4518
5360	0.4482
5365	0.4257
5370	0.4408
5375	0.4566
5380	0.4447
5385	0.4012
5390	0.4544
5395	0.4373
5400	0.4549
5405	0.4436
5410	0.408
5415	0.4678
5420	0.4586
5425	0.4017
5430	0.47
5435	0.3925
5440	0.4705
5445	0.4568
5450	0.4758
5455	0.4523
5460	0.4956
5465	0.4511
5470	0.4271
5475	0.4376
5480	0.4256
5485	0.4362
5490	0.4653
5495	0.4708
5500	0.4515
5505	0.4518
5510	0.4498
5515	0.3935
5520	0.4288
5525	0.4203
5530	0.4607
5535	0.443
5540	0.4548
5545	0.436
5550	0.4315
5555	0.4278
5560	0.4482
5565	0.465
5570	0.4351
5575	0.4201
5580	0.4685
5585	0.4619
5590	0.4289
5595	0.4764
5600	0.4324
5605	0.4721
5610	0.4281
5615	0.4591
5620	0.4211
5625	0.4388
5630	0.4132
5635	0.4628
5640	0.4454
5645	0.4711
5650	0.4527
5655	0.4687
5660	0.445
5665	0.4685
5670	0.4769
5675	0.4552
5680	0.4537
5685	0.4562
5690	0.4469
5695	0.4693
5700	0.4289
5705	0.4734
5710	0.4424
5715	0.4497
5720	0.4587
5725	0.4339
5730	0.4084
5735	0.4159
5740	0.4453
5745	0.4883
5750	0.4925
5755	0.4071
5760	0.4332
5765	0.4427
5770	0.4781
5775	0.4472
5780	0.4846
5785	0.4842
5790	0.4284
5795	0.4519
5800	0.4349
5805	0.4225
5810	0.4271
5815	0.4044
5820	0.4549
5825	0.5034
5830	0.4362
5835	0.428
5840	0.4246
5845	0.478
5850	0.5022
5855	0.436
5860	0.4276
5865	0.4022
5870	0.4464
5875	0.4349
5880	0.4542
5885	0.4273
5890	0.4457
5895	0.4728
5900	0.4577
5905	0.4311
5910	0.443
5915	0.4109
5920	0.4051
5925	0.4027
5930	0.4305
5935	0.4264
5940	0.481
5945	0.4564
5950	0.4676
5955	0.4167
5960	0.4495
5965	0.4453
5970	0.4401
5975	0.4187
5980	0.4493
5985	0.4417
5990	0.4348
5995	0.4495
6000	0.4737
6005	0.4301
6010	0.433
6015	0.3865
6020	0.4323
6025	0.4363
6030	0.4326
6035	0.4565
6040	0.438
6045	0.4651
6050	0.4491
6055	0.4727
6060	0.4445
6065	0.4111
6070	0.4336
6075	0.4896
6080	0.4977
6085	0.4623
6090	0.4691
6095	0.4189
6100	0.49
6105	0.4302
6110	0.4401
6115	0.4303
6120	0.4521
6125	0.4418
6130	0.4431
6135	0.4639
6140	0.4238
6145	0.4315
6150	0.4432
6155	0.4561
6160	0.4616
6165	0.4416
6170	0.4656
6175	0.493
6180	0.4291
6185	0.4562
6190	0.5164
6195	0.4499
6200	0.4
6205	0.466
6210	0.4661
6215	0.4688
6220	0.4019
6225	0.4591
6230	0.4388
6235	0.4655
6240	0.437
6245	0.4981
6250	0.4978
6255	0.4399
6260	0.4957
6265	0.4646
6270	0.4502
6275	0.4595
6280	0.4506
6285	0.3721
6290	0.3897
6295	0.4793
6300	0.4642
6305	0.4551
6310	0.4799
6315	0.453
6320	0.4353
6325	0.4337
6330	0.4005
6335	0.4521
6340	0.4757
6345	0.4551
6350	0.4656
6355	0.4394
6360	0.4282
6365	0.4699
6370	0.4504
6375	0.4889
6380	0.4384
6385	0.4836
6390	0.4233
6395	0.4053
6400	0.491
6405	0.4209
6410	0.4475
6415	0.4109
6420	0.4533
6425	0.4651
6430	0.464
6435	0.4487
6440	0.4499
6445	0.4283
6450	0.4382
6455	0.4847
6460	0.4194
6465	0.4528
6470	0.4294
6475	0.444
6480	0.4468
6485	0.4482
6490	0.4519
6495	0.4689
6500	0.4535
6505	0.4447
6510	0.4673
6515	0.4559
6520	0.469
6525	0.4299
6530	0.47
6535	0.4457
6540	0.4278
6545	0.4491
6550	0.4531
6555	0.4128
6560	0.4535
6565	0.4362
6570	0.493
6575	0.4827
6580	0.4616
6585	0.4679
6590	0.4645
6595	0.4578
6600	0.4362
6605	0.4316
6610	0.476
6615	0.4397
6620	0.4605
6625	0.4422
6630	0.4512
6635	0.4461
6640	0.4239
6645	0.4281
6650	0.4362
6655	0.467
6660	0.4242
6665	0.4444
6670	0.4853
6675	0.4376
6680	0.4489
6685	0.4586
6690	0.4655
6695	0.4243
6700	0.4504
6705	0.4685
6710	0.443
6715	0.4548
6720	0.4458
6725	0.4539
6730	0.4986
6735	0.4276
6740	0.4624
6745	0.4392
6750	0.4545
6755	0.4561
6760	0.4675
6765	0.4617
6770	0.4503
6775	0.429
6780	0.4313
6785	0.4515
6790	0.4385
6795	0.4484
6800	0.4646
6805	0.4495
6810	0.4534
6815	0.4545
6820	0.4468
6825	0.4227
6830	0.468
6835	0.52
6840	0.4502
6845	0.4405
6850	0.4728
6855	0.4456
6860	0.4467
6865	0.5275
6870	0.3996
6875	0.5056
6880	0.4666
6885	0.4362
6890	0.4787
6895	0.4604
6900	0.4484
6905	0.4258
6910	0.478
6915	0.4381
6920	0.4961
6925	0.4701
6930	0.4119
6935	0.4754
6940	0.4442
6945	0.4399
6950	0.458
6955	0.4355
6960	0.4509
6965	0.4686
6970	0.435
6975	0.4202
6980	0.4751
6985	0.4447
6990	0.4653
6995	0.4448
