7000	-0.0884
7008	-0.08756
7016	-0.08676
7024	-0.0681
7032	-0.07521
7040	-0.06317
7048	-0.07605
7056	-0.1035
7064	-0.06371
7072	-0.1024
7080	-0.07971
7088	-0.07792
7096	-0.105
7104	-0.08517
7112	-0.1096
7120	-0.09839
7128	-0.1026
7136	-0.09985
7144	-0.09061
7152	-0.09939
7160	-0.09753
7168	-0.08117
7176	-0.04482
7184	-0.09947
7192	-0.05322
7200	-0.0991
7208	-0.1085
7216	-0.08724
7224	-0.08618
7232	-0.1064
7240	-0.08439
7248	-0.08927
7256	-0.09703
7264	-0.07809
7272	-0.09819
7280	-0.06107
7288	-0.08549
7296	-0.101
7304	-0.07644
7312	-0.09482
7320	-0.06193
7328	-0.1049
7336	-0.08862
7344	-0.08589
7352	-0.09643
7360	-0.1109
7368	-0.05082
7376	-0.1129
7384	-0.08739
7392	-0.08833
7400	-0.09597
7408	-0.09035
7416	-0.09694
7424	-0.0755
7432	-0.06951
7440	-0.08798
7448	-0.09078
7456	-0.07888
7464	-0.09295
7472	-0.08263
7480	-0.08275
7488	-0.06925
7496	-0.06485
7504	-0.1142
7512	-0.0864
7520	-0.08903
7528	-0.06135
7536	-0.06907
7544	-0.1052
7552	-0.07486
7560	-0.1352
7568	-0.07875
7576	-0.08912
7584	-0.09387
7592	-0.09332
7600	-0.08417
7608	-0.09867
7616	-0.07819
7624	-0.1072
7632	-0.1251
7640	-0.08077
7648	-0.08379
7656	-0.08071
7664	-0.06906
7672	-0.07436
7680	-0.08814
7688	-0.06347
7696	-0.08077
7704	-0.09232
7712	-0.06887
7720	-0.08339
7728	-0.08215
7736	-0.08368
7744	-0.05167
7752	-0.07443
7760	-0.05469
7768	-0.08286
7776	-0.1074
7784	-0.0782
7792	-0.09658
7800	-0.05929
7808	-0.08857
7816	-0.1176
7824	-0.08528
7832	-0.08031
7840	-0.09132
7848	-0.05457
7856	-0.07948
7864	-0.08831
7872	-0.08851
7880	-0.1162
7888	-0.08197
7896	-0.08253
7904	-0.08778
7912	-0.08338
7920	-0.1035
7928	-0.1145
7936	-0.09918
7944	-0.09722
7952	-0.1028
7960	-0.1166
7968	-0.09732
7976	-0.07343
7984	-0.103
7992	-0.04606
8000	-0.1252
8008	-0.1107
8016	-0.1019
8024	-0.08533
8032	-0.08388
8040	-0.08062
8048	-0.09402
8056	-0.08317
8064	-0.1386
8072	-0.1022
8080	-0.1012
8088	-0.08181
8096	-0.08302
8104	-0.1042
8112	-0.09448
8120	-0.1185
8128	-0.1206
8136	-0.07629
8144	-0.05918
8152	-0.07881
8160	-0.1062
8168	-0.06924
8176	-0.09838
8184	-0.08715
8192	-0.1046
8200	-0.08779
8208	-0.07409
8216	-0.1244
8224	-0.08599
8232	-0.1265
8240	-0.09791
8248	-0.08429
8256	-0.1162
8264	-0.1073
8272	-0.09207
8280	-0.1036
8288	-0.1066
8296	-0.0651
8304	-0.09821
8312	-0.1258
8320	-0.08984
8328	-0.07567
8336	-0.1254
8344	-0.1244
8352	-0.11
8360	-0.09556
8368	-0.1021
8376	-0.09151
8384	-0.08067
8392	-0.1325
8400	-0.1095
8408	-0.08912
8416	-0.09444
8424	-0.1071
8432	-0.06303
8440	-0.08245
8448	-0.09874
8456	-0.1024
8464	-0.0985
8472	-0.109
8480	-0.08409
8488	-0.07962
8496	-0.06023
8504	-0.08153
8512	-0.08574
8520	-0.08244
8528	-0.09671
8536	-0.09887
8544	-0.1125
8552	-0.09089
8560	-0.09247
8568	-0.0567
8576	-0.1144
8584	-0.09868
8592	-0.0884
8600	-0.05289
8608	-0.07611
8616	-0.07991
8624	-0.09975
8632	-0.1139
8640	-0.08674
8648	-0.1029
8656	-0.08544
8664	-0.0601
8672	-0.06736
8680	-0.1015
8688	-0.07401
8696	-0.09421
8704	-0.1016
8712	-0.1078
8720	-0.08542
8728	-0.07794
8736	-0.1223
8744	-0.05201
8752	-0.1225
8760	-0.07299
8768	-0.08853
8776	-0.0714
8784	-0.09433
8792	-0.08094
8800	-0.1214
8808	-0.1193
8816	-0.09544
8824	-0.1009
8832	-0.09319
8840	-0.08033
8848	-0.06989
8856	-0.08736
8864	-0.09384
8872	-0.1038
8880	-0.0742
8888	-0.074
8896	-0.09382
8904	-0.08336
8912	-0.07628
8920	-0.1001
8928	-0.07439
8936	-0.07258
8944	-0.07659
8952	-0.06877
8960	-0.09149
8968	-0.08763
8976	-0.07266
8984	-0.06676
8992	-0.1162
9000	-0.09292
9008	-0.09627
9016	-0.1138
9024	-0.05844
9032	-0.1079
9040	-0.1074
9048	-0.0871
9056	-0.08569
9064	-0.1045
9072	-0.08511
9080	-0.0684
9088	-0.1176
9096	-0.06025
9104	-0.112
9112	-0.1009
9120	-0.08729
9128	-0.1027
9136	-0.07483
9144	-0.1142
9152	-0.0733
9160	-0.08189
9168	-0.09386
9176	-0.1199
9184	-0.09555
9192	-0.1076
9200	-0.1008
9208	-0.07864
9216	-0.1097
9224	-0.07012
9232	-0.1241
9240	-0.08181
9248	-0.1094
9256	-0.07455
9264	-0.08435
9272	-0.0694
9280	-0.1018
9288	-0.07982
9296	-0.08789
9304	-0.06971
9312	-0.1041
9320	-0.08985
9328	-0.07734
9336	-0.08946
9344	-0.09264
9352	-0.1013
9360	-0.08347
9368	-0.11
9376	-0.1131
9384	-0.1507
9392	-0.08807
9400	-0.06288
9408	-0.0611
9416	-0.07294
9424	-0.08017
9432	-0.08514
9440	-0.09673
9448	-0.07777
9456	-0.1107
9464	-0.07532
9472	-0.07665
9480	-0.07578
9488	-0.08147
9496	-0.07308
9504	-0.08703
9512	-0.07855
9520	-0.07885
9528	-0.08815
9536	-0.09195
9544	-0.1255
9552	-0.08975
9560	-0.04973
9568	-0.09653
9576	-0.08624
9584	-0.1008
9592	-0.07226
9600	-0.09216
9608	-0.08066
9616	-0.09937
9624	-0.08781
9632	-0.1376
9640	-0.06507
9648	-0.1011
9656	-0.08128
9664	-0.08616
9672	-0.1008
9680	-0.1011
9688	-0.1022
9696	-0.0922
9704	-0.08581
9712	-0.09488
9720	-0.1012
9728	-0.1068
9736	-0.09073
9744	-0.0646
9752	-0.07536
9760	-0.05191
9768	-0.103
9776	-0.09043
9784	-0.07193
9792	-0.07555
9800	-0.05774
9808	-0.09548
9816	-0.05928
9824	-0.07922
9832	-0.05196
9840	-0.09406
9848	-0.07375
9856	-0.06789
9864	-0.09286
9872	-0.07716
9880	-0.1033
9888	-0.08058
9896	-0.09783
9904	-0.1033
9912	-0.0893
9920	-0.09344
9928	-0.1047
9936	-0.08496
9944	-0.1214
9952	-0.08419
9960	-0.09442
9968	-0.07542
9976	-0.08768
9984	-0.07996
9992	-0.1242
10000	-0.0789
10008	-0.1027
10016	-0.1066
10024	-0.08518
10032	-0.08451
10040	-0.08581
10048	-0.09516
10056	-0.08206
10064	-0.1111
10072	-0.08366
10080	-0.1196
10088	-0.1162
10096	-0.1198
10104	-0.08794
10112	-0.07722
10120	-0.1084
10128	-0.08064
10136	-0.09739
10144	-0.1076
10152	-0.1141
10160	-0.06461
10168	-0.06191
10176	-0.07493
10184	-0.09522
10192	-0.07355
10200	-0.1037
10208	-0.05399
10216	-0.0751
10224	-0.09534
10232	-0.05579
10240	-0.08992
10248	-0.115
10256	-0.05805
10264	-0.09424
10272	-0.0635
10280	-0.08666
10288	-0.07655
10296	-0.09182
10304	-0.07939
10312	-0.1085
10320	-0.07859
10328	-0.08608
10336	-0.1046
10344	-0.07362
10352	-0.07406
10360	-0.05871
10368	-0.09231
10376	-0.09936
10384	-0.1073
10392	-0.06503
10400	-0.1043
10408	-0.1029
10416	-0.06279
10424	-0.09856
10432	-0.1024
10440	-0.1015
10448	-0.09302
10456	-0.1045
10464	-0.08359
10472	-0.1031
10480	-0.1112
10488	-0.1163
10496	-0.1118
10504	-0.07662
10512	-0.1048
10520	-0.05589
10528	-0.1024
10536	-0.07328
10544	-0.08603
10552	-0.1135
10560	-0.07899
10568	-0.06987
10576	-0.07342
10584	-0.09117
10592	-0.1037
10600	-0.1021
10608	-0.1
10616	-0.09293
10624	-0.1057
10632	-0.07092
10640	-0.07225
10648	-0.104
10656	-0.0844
10664	-0.08964
10672	-0.06414
10680	-0.07043
10688	-0.08723
10696	-0.1017
10704	-0.05915
10712	-0.07713
10720	-0.08003
10728	-0.06868
10736	-0.0792
10744	-0.08938
10752	-0.08306
10760	-0.08283
10768	-0.09104
10776	-0.06456
10784	-0.08086
10792	-0.0723
10800	-0.09912
10808	-0.08128
10816	-0.07974
10824	-0.1241
10832	-0.0969
10840	-0.07425
10848	-0.06974
10856	-0.08295
10864	-0.08691
10872	-0.08197
10880	-0.08574
10888	-0.05945
10896	-0.0812
10904	-0.07533
10912	-0.1287
10920	-0.08894
10928	-0.09257
10936	-0.07726
10944	-0.07179
10952	-0.09287
10960	-0.08599
10968	-0.09327
10976	-0.08695
10984	-0.08716
10992	-0.1116
11000	-0.07839
11008	-0.07097
11016	-0.06702
11024	-0.0889
11032	-0.1075
11040	-0.08697
11048	-0.05768
11056	-0.05242
11064	-0.1047
11072	-0.08393
11080	-0.1139
11088	-0.08659
11096	-0.07107
11104	-0.0944
11112	-0.1028
11120	-0.1065
11128	-0.0733
11136	-0.1057
11144	-0.09248
11152	-0.0944
11160	-0.08814
11168	-0.09933
11176	-0.08162
11184	-0.1006
11192	-0.08952
11200	-0.08636
11208	-0.06777
11216	-0.07659
11224	-0.09332
11232	-0.05577
11240	-0.0797
11248	-0.08452
11256	-0.07833
11264	-0.08642
11272	-0.08036
11280	-0.06891
11288	-0.09571
11296	-0.07867
11304	-0.08269
11312	-0.05553
11320	-0.09414
11328	-0.04216
11336	-0.04633
11344	-0.07406
11352	-0.1127
11360	-0.09978
11368	-0.07634
11376	-0.08932
11384	-0.06756
11392	-0.1116
11400	-0.103
11408	-0.1217
11416	-0.06583
11424	-0.08761
11432	-0.09389
11440	-0.1112
11448	-0.1015
11456	-0.09548
11464	-0.07484
11472	-0.1172
11480	-0.0774
11488	-0.1024
11496	-0.09587
11504	-0.07945
11512	-0.09597
11520	-0.1125
11528	-0.1038
11536	-0.07184
11544	-0.1173
11552	-0.1034
11560	-0.09791
11568	-0.04766
11576	-0.0871
11584	-0.06673
11592	-0.111
11600	-0.08056
11608	-0.09632
11616	-0.06955
11624	-0.113
11632	-0.1266
11640	-0.0825
11648	-0.09093
11656	-0.09746
11664	-0.1048
11672	-0.0909
11680	-0.06703
11688	-0.1
11696	-0.1083
11704	-0.1018
11712	-0.08454
11720	-0.08862
11728	-0.0867
11736	-0.1038
11744	-0.09629
11752	-0.07252
11760	-0.09726
11768	-0.09722
11776	-0.1059
11784	-0.09596
11792	-0.08479
11800	-0.09533
11808	-0.08108
11816	-0.07672
11824	-0.07941
11832	-0.09339
11840	-0.09061
11848	-0.07576
11856	-0.1084
11864	-0.1022
11872	-0.08649
11880	-0.1119
11888	-0.08832
11896	-0.08242
11904	-0.08629
11912	-0.06001
11920	-0.09008
11928	-0.05759
11936	-0.1139
11944	-0.07651
11952	-0.08487
11960	-0.09491
11968	-0.07714
11976	-0.1019
11984	-0.1337
11992	-0.09725
12000	-0.08729
12008	-0.06769
12016	-0.1067
12024	-0.1168
12032	-0.1121
12040	-0.1107
12048	-0.0716
12056	-0.1042
12064	-0.08487
12072	-0.09638
12080	-0.0983
12088	-0.08637
12096	-0.0657
12104	-0.105
12112	-0.08633
12120	-0.08427
12128	-0.1028
12136	-0.09873
12144	-0.1149
12152	-0.1035
12160	-0.07884
12168	-0.0921
12176	-0.06999
12184	-0.08399
12192	-0.09183
12200	-0.09878
12208	-0.1
12216	-0.08529
12224	-0.1018
12232	-0.09463
12240	-0.1104
12248	-0.09993
12256	-0.07376
12264	-0.114
12272	-0.1137
12280	-0.08872
12288	-0.07134
12296	-0.1055
12304	-0.09151
12312	-0.08579
12320	-0.09361
12328	-0.08448
12336	-0.1031
12344	-0.1217
12352	-0.06306
12360	-0.09771
12368	-0.09134
12376	-0.08321
12384	-0.07181
12392	-0.08407
12400	-0.107
12408	-0.07577
12416	-0.09559
12424	-0.09765
12432	-0.08094
12440	-0.07571
12448	-0.07696
12456	-0.06111
12464	-0.06798
12472	-0.07156
12480	-0.08847
12488	-0.1052
12496	-0.09829
12504	-0.07366
12512	-0.08424
12520	-0.08427
12528	-0.06214
12536	-0.1013
12544	-0.1107
12552	-0.06315
12560	-0.08883
12568	-0.09634
12576	-0.0852
12584	-0.07657
12592	-0.08098
12600	-0.1292
12608	-0.1066
12616	-0.1114
12624	-0.09125
12632	-0.1009
12640	-0.1048
12648	-0.09442
12656	-0.06444
12664	-0.09889
12672	-0.1133
12680	-0.103
12688	-0.1045
12696	-0.1201
12704	-0.09763
12712	-0.08631
12720	-0.1244
12728	-0.1083
12736	-0.07014
12744	-0.1013
12752	-0.09859
12760	-0.124
12768	-0.1109
12776	-0.08213
12784	-0.09105
12792	-0.07482
12800	-0.1018
12808	-0.09105
12816	-0.1178
12824	-0.0858
12832	-0.07552
12840	-0.1175
12848	-0.06864
12856	-0.1179
12864	-0.09946
12872	-0.1197
12880	-0.1097
12888	-0.06437
12896	-0.09644
12904	-0.08398
12912	-0.07076
12920	-0.06918
12928	-0.07886
12936	-0.0406
12944	-0.08118
12952	-0.09616
12960	-0.09265
12968	-0.1194
12976	-0.09111
12984	-0.08711
12992	-0.103
13000	-0.08812
13008	-0.08254
13016	-0.09962
13024	-0.07865
13032	-0.09039
13040	-0.1012
13048	-0.09699
13056	-0.1024
13064	-0.1075
13072	-0.1041
13080	-0.1256
13088	-0.09313
13096	-0.09359
13104	-0.09079
13112	-0.08405
13120	-0.06706
13128	-0.08677
13136	-0.09101
13144	-0.08722
13152	-0.1254
13160	-0.0829
13168	-0.1005
13176	-0.08929
13184	-0.07032
13192	-0.09189
13200	-0.07936
13208	-0.1034
13216	-0.08837
13224	-0.1028
13232	-0.07764
13240	-0.09112
13248	-0.08819
13256	-0.05808
13264	-0.09068
13272	-0.09174
13280	-0.06386
13288	-0.1187
13296	-0.06385
13304	-0.099
13312	-0.09358
13320	-0.0967
13328	-0.1064
13336	-0.09947
13344	-0.07829
13352	-0.07335
13360	-0.114
13368	-0.1049
13376	-0.0767
13384	-0.07118
13392	-0.09797
13400	-0.09094
13408	-0.1109
13416	-0.09028
13424	-0.0575
13432	-0.08292
13440	-0.1101
13448	-0.08895
13456	-0.08859
13464	-0.08256
13472	-0.09681
13480	-0.05559
13488	-0.1007
13496	-0.07618
13504	-0.09191
13512	-0.07969
13520	-0.09228
13528	-0.07994
13536	-0.0684
13544	-0.0706
13552	-0.1228
13560	-0.06792
13568	-0.07886
13576	-0.07421
13584	-0.06795
13592	-0.06238
13600	-0.0535
13608	-0.07605
13616	-0.1105
13624	-0.1008
13632	-0.08416
13640	-0.09719
13648	-0.08328
13656	-0.08916
13664	-0.07728
13672	-0.02443
13680	-0.1143
13688	-0.08583
13696	-0.07586
13704	-0.06098
13712	-0.08491
13720	-0.1159
13728	-0.0583
13736	-0.08291
13744	-0.08853
13752	-0.07706
13760	-0.09107
13768	-0.1079
13776	-0.08163
13784	-0.07304
13792	-0.1322
13800	-0.115
13808	-0.08845
13816	-0.08918
13824	-0.09147
13832	-0.07701
13840	-0.07996
13848	-0.1048
13856	-0.1118
13864	-0.1321
13872	-0.08995
13880	-0.09942
13888	-0.0857
13896	-0.09847
13904	-0.1181
13912	-0.09506
13920	-0.07344
13928	-0.1043
13936	-0.08067
13944	-0.06815
13952	-0.06691
13960	-0.1146
13968	-0.08518
13976	-0.06177
13984	-0.0901
13992	-0.09981
14000	-0.0842
14008	-0.08382
14016	-0.06457
14024	-0.0934
14032	-0.1016
14040	-0.07463
14048	-0.09005
14056	-0.09989
14064	-0.1236
14072	-0.07202
14080	-0.0644
14088	-0.1076
14096	-0.07119
14104	-0.07712
14112	-0.06555
14120	-0.1052
14128	-0.07125
14136	-0.07762
14144	-0.08764
14152	-0.09877
14160	-0.07717
14168	-0.0781
14176	-0.104
14184	-0.0514
14192	-0.08996
14200	-0.09727
14208	-0.08563
14216	-0.07907
14224	-0.09884
14232	-0.1052
14240	-0.08068
14248	-0.0913
14256	-0.08365
14264	-0.1426
14272	-0.08671
14280	-0.07699
14288	-0.09683
14296	-0.06977
14304	-0.1081
14312	-0.08994
14320	-0.1104
14328	-0.1045
14336	-0.07985
14344	-0.09218
14352	-0.08737
14360	-0.08291
14368	-0.1104
14376	-0.1338
14384	-0.07217
14392	-0.08735
14400	-0.04325
14408	-0.117
14416	-0.09624
14424	-0.07315
14432	-0.08947
14440	-0.07283
14448	-0.1001
14456	-0.09773
14464	-0.1122
14472	-0.09026
14480	-0.09284
14488	-0.06238
14496	-0.08259
14504	-0.07744
14512	-0.09687
14520	-0.09574
14528	-0.09597
14536	-0.08639
14544	-0.0744
14552	-0.0875
14560	-0.09673
14568	-0.1342
14576	-0.1236
14584	-0.07545
14592	-0.123
14600	-0.1099
14608	-0.1009
14616	-0.07796
14624	-0.0956
14632	-0.1064
14640	-0.0804
14648	-0.1426
14656	-0.1023
14664	-0.1043
14672	-0.09275
14680	-0.114
14688	-0.09453
14696	-0.1058
14704	-0.1033
14712	-0.08195
14720	-0.1056
14728	-0.05674
14736	-0.08575
14744	-0.09875
14752	-0.09259
14760	-0.1008
14768	-0.1063
14776	-0.1113
14784	-0.07798
14792	-0.1127
14800	-0.1193
14808	-0.09416
14816	-0.09372
14824	-0.09468
14832	-0.1502
14840	-0.1127
14848	-0.103
14856	-0.1053
14864	-0.05967
14872	-0.1017
14880	-0.0618
14888	-0.07115
14896	-0.07351
14904	-0.1013
14912	-0.1045
14920	-0.1172
14928	-0.1012
14936	-0.09439
14944	-0.08908
14952	-0.09918
14960	-0.08449
14968	-0.09511
14976	-0.08142
14984	-0.1141
14992	-0.1256
7000	0.2102
7008	-0.02075
7016	0.01417
7024	0.05912
7032	-0.1532
7040	0.04574
7048	0.03681
7056	-0.06843
7064	0.03995
7072	0.06014
7080	0.07254
7088	0.04992
7096	-0.1751
7104	-0.1416
7112	0.2721
7120	-0.04447
7128	0.2404
7136	0.09889
7144	0.09254
7152	-0.01865
7160	0.0806
7168	-0.01396
7176	0.07555
7184	0.2056
7192	-0.151
7200	0.2273
7208	-0.17
7216	0.009336
7224	0.09225
7232	0.1321
7240	-0.00541
7248	0.04946
7256	0.1282
7264	-0.09518
7272	0.04646
7280	-0.125
7288	0.09632
7296	0.09802
7304	0.001886
7312	0.09313
7320	-0.02148
7328	0.05003
7336	-0.005783
7344	-0.05371
7352	-0.2105
7360	0.00655
7368	0.2238
7376	-0.1977
7384	-0.02257
7392	-0.06417
7400	-0.06327
7408	-0.0333
7416	-0.05637
7424	0.03856
7432	-0.08053
7440	-0.07373
7448	0.1741
7456	-0.0962
7464	-0.04359
7472	0.07573
7480	0.0498
7488	0.007985
7496	0.1465
7504	-0.143
7512	-0.1436
7520	-0.06138
7528	-0.04952
7536	-0.02643
7544	0.1309
7552	0.1221
7560	-0.1362
7568	0.1822
7576	-0.1575
7584	-0.01372
7592	0.07197
7600	0.1319
7608	-0.02023
7616	-0.00125
7624	-0.05517
7632	-0.0463
7640	0.05251
7648	0.02611
7656	0.1655
7664	-0.02371
7672	0.1197
7680	0.02284
7688	-0.02695
7696	0.05648
7704	-0.0181
7712	0.08892
7720	-0.07722
7728	-0.07254
7736	-0.003158
7744	0.02042
7752	-0.09044
7760	0.03283
7768	-0.2039
7776	0.01064
7784	-0.1323
7792	0.07178
7800	0.1063
7808	-0.0271
7816	-0.1014
7824	0.1853
7832	0.1311
7840	-0.2214
7848	-0.06074
7856	0.1179
7864	-0.006517
7872	-0.06807
7880	-0.0306
7888	0.07946
7896	0.1049
7904	-0.08938
7912	0.06358
7920	0.1757
7928	0.1628
7936	-0.1553
7944	-0.01534
7952	-0.1028
7960	-0.06428
7968	0.06461
7976	-0.08424
7984	-0.05876
7992	0.1521
8000	0.03571
8008	0.1097
8016	-0.05059
8024	0.09254
8032	-0.07248
8040	-0.08435
8048	-0.09491
8056	-0.05928
8064	0.115
8072	0.07513
8080	-0.09921
8088	-0.06873
8096	-0.04379
8104	0.1305
8112	-0.07875
8120	-0.05291
8128	-0.1786
8136	0.1274
8144	-0.03606
8152	-0.06668
8160	0.05096
8168	0.2311
8176	0.0796
8184	0.08018
8192	-0.08502
8200	0.04962
8208	0.09364
8216	0.1575
8224	0.04982
8232	-0.1404
8240	-0.003479
8248	-0.0624
8256	-0.09521
8264	0.1482
8272	0.1622
8280	-0.1428
8288	-0.04358
8296	-0.06146
8304	-0.008227
8312	0.1748
8320	0.09325
8328	0.02637
8336	-0.03986
8344	0.1494
8352	-0.187
8360	0.09073
8368	-0.08373
8376	0.02222
8384	0.1242
8392	0.04752
8400	-0.09993
8408	0.09994
8416	-0.0934
8424	-0.1084
8432	0.01993
8440	0.1141
8448	0.04352
8456	-0.06791
8464	-0.1017
8472	0.02001
8480	0.1413
8488	0.0897
8496	0.07415
8504	0.02525
8512	-0.07173
8520	-0.02426
8528	0.03633
8536	-0.04879
8544	-0.1256
8552	-0.06257
8560	-0.0414
8568	0.02992
8576	0.1754
8584	0.03568
8592	0.111
8600	-0.006886
8608	0.08796
8616	0.1337
8624	-0.02521
8632	0.08343
8640	0.05739
8648	0.04984
8656	0.09597
8664	0.001724
8672	-0.06926
8680	-0.08196
8688	-0.08165
8696	-0.2287
8704	-0.1585
8712	-0.0964
8720	0.08964
8728	0.01828
8736	0.06236
8744	0.06327
8752	0.04131
8760	0.03377
8768	-0.001693
8776	0.006475
8784	-0.05761
8792	-0.1294
8800	0.01366
8808	0.117
8816	-0.04433
8824	0.03079
8832	-0.1079
8840	0.01742
8848	-0.04558
8856	-0.02322
8864	0.1931
8872	0.1123
8880	0.09312
8888	-0.01205
8896	0.09504
8904	0.03528
8912	0.03808
8920	-0.1279
8928	-0.08033
8936	-0.02827
8944	0.0411
8952	-0.06171
8960	0.02842
8968	0.253
8976	-0.09364
8984	0.1968
8992	0.09798
9000	0.1413
9008	-0.2083
9016	-0.0423
9024	0.1082
9032	-0.01093
9040	0.02527
9048	-0.008233
9056	0.06789
9064	0.01513
9072	0.04225
9080	0.04686
9088	0.03001
9096	-0.162
9104	-0.04185
9112	0.06072
9120	-0.08175
9128	0.08435
9136	0.1497
9144	-0.09076
9152	0.2571
9160	-0.004106
9168	-0.1825
9176	0.02755
9184	-0.04356
9192	0.1003
9200	-0.01139
9208	0.1696
9216	0.09025
9224	0.06366
9232	0.2358
9240	-0.03456
9248	0.01677
9256	-0.003369
9264	0.06093
9272	0.2227
9280	0.08017
9288	0.1416
9296	-0.1458
9304	0.04923
9312	-0.1291
9320	-0.09152
9328	0.005547
9336	-0.0691
9344	0.1329
9352	-0.08557
9360	-8.96E-5
9368	-0.1203
9376	0.0599
9384	0.06715
9392	0.1637
9400	-0.06938
9408	0.2436
9416	-0.07153
9424	-0.02281
9432	-0.05438
9440	0.08513
9448	-0.04265
9456	0.005286
9464	0.01766
9472	0.2385
9480	0.08581
9488	0.09802
9496	-0.04499
9504	0.0269
9512	-0.08547
9520	0.00112
9528	0.06246
9536	-0.09481
9544	0.0787
9552	0.02038
9560	0.1442
9568	-0.01267
9576	-0.02393
9584	-0.09226
9592	0.06396
9600	-0.1488
9608	-0.005362
9616	0.01118
9624	0.2479
9632	-0.05142
9640	0.07039
9648	0.09451
9656	0.2625
9664	0.0812
9672	-0.1212
9680	-0.1543
9688	0.02266
9696	-0.007863
9704	-0.05113
9712	-0.05867
9720	0.01304
9728	0.06545
9736	-0.09884
9744	-0.03951
9752	0.01476
9760	0.05804
9768	0.08119
9776	-0.05359
9784	0.04276
9792	0.2905
9800	0.2582
9808	0.02704
9816	0.147
9824	-0.005607
9832	0.2336
9840	0.06178
9848	0.0196
9856	0.06666
9864	-0.07026
9872	-0.009505
9880	0.06957
9888	-0.0336
9896	0.07891
9904	0.1081
9912	-0.02398
9920	0.1473
9928	-0.04333
9936	0.06297
9944	0.02849
9952	-0.08346
9960	-0.03736
9968	0.105
9976	0.0481
9984	-0.07788
9992	0.2624
10000	-0.09618
10008	-0.09424
10016	0.1486
10024	0.1048
10032	0.001891
10040	-0.01639
10048	0.01866
10056	-0.02215
10064	-0.1788
10072	-0.09188
10080	0.05672
10088	-0.1664
10096	-0.09409
10104	-0.002711
10112	-0.0214
10120	0.0519
10128	-0.06322
10136	-0.007424
10144	0.01647
10152	0.0824
10160	-0.06105
10168	-0.02869
10176	0.02995
10184	0.143
10192	-0.05705
10200	-0.02608
10208	-0.02178
10216	-0.07004
10224	0.1987
10232	0.02217
10240	0.08426
10248	0.1423
10256	0.06253
10264	-0.06645
10272	-0.07973
10280	-0.04672
10288	0.008969
10296	-0.05481
10304	-0.06884
10312	0.02228
10320	0.1187
10328	0.2554
10336	0.123
10344	0.1884
10352	-0.02257
10360	0.1607
10368	0.09527
10376	-0.02896
10384	-0.101
10392	-0.184
10400	0.01805
10408	-0.06904
10416	0.1235
10424	0.1466
10432	0.1417
10440	0.01532
10448	0.1012
10456	0.002708
10464	-0.09992
10472	0.007301
10480	-0.05481
10488	0.009181
10496	-0.005345
10504	0.05799
10512	0.07441
10520	-0.09342
10528	0.1684
10536	0.06484
10544	0.03885
10552	-0.06544
10560	0.01399
10568	0.08385
10576	-0.1647
10584	-0.04166
10592	-0.0433
10600	-0.07878
10608	0.1415
10616	0.01036
10624	0.02774
10632	0.01367
10640	0.2571
10648	0.01062
10656	-0.04672
10664	-0.026
10672	-0.04916
10680	0.1351
10688	-0.06042
10696	0.08466
10704	-0.0343
10712	0.1124
10720	-0.02558
10728	-0.05203
10736	-0.02266
10744	0.1113
10752	0.07784
10760	0.1065
10768	0.0206
10776	0.1152
10784	-0.06243
10792	-0.0122
10800	0.1494
10808	0.07814
10816	0.01678
10824	-0.188
10832	0.07011
10840	0.1181
10848	0.1128
10856	0.05258
10864	0.05885
10872	0.07987
10880	-0.07942
10888	0.2097
10896	0.1961
10904	0.1263
10912	-0.232
10920	0.06437
10928	0.2941
10936	0.04086
10944	-0.05955
10952	0.08254
10960	0.0875
10968	-0.05466
10976	0.1514
10984	0.09841
10992	0.08056
11000	-0.01823
11008	0.04348
11016	0.2051
11024	0.09028
11032	0.06245
11040	0.03305
11048	0.03823
11056	0.07117
11064	-0.1169
11072	-0.02925
11080	0.07517
11088	0.08448
11096	-0.09701
11104	0.3233
11112	0.0349
11120	0.1051
11128	0.04034
11136	0.1414
11144	0.1127
11152	0.03541
11160	0.07583
11168	0.002599
11176	-0.06232
11184	-0.1249
11192	0.02987
11200	0.1684
11208	-0.1346
11216	-0.04029
11224	-0.001942
11232	0.08134
11240	-9.465E-4
11248	-0.01328
11256	0.01908
11264	0.04495
11272	-0.01146
11280	0.122
11288	0.01702
11296	0.07816
11304	-0.107
11312	0.07479
11320	0.07821
11328	0.07491
11336	0.1492
11344	0.07537
11352	0.09458
11360	-0.03827
11368	0.0985
11376	0.08742
11384	0.1079
11392	-0.02928
11400	1.687E-6
11408	0.09155
11416	0.2662
11424	0.2501
11432	-0.004998
11440	0.08599
11448	0.007735
11456	0.08313
11464	-0.03819
11472	-0.04637
11480	0.1761
11488	-0.1106
11496	-0.06194
11504	-0.0899
11512	-0.168
11520	-0.2223
11528	-0.001112
11536	-0.09545
11544	0.005613
11552	0.008674
11560	0.06937
11568	-0.05167
11576	0.01672
11584	-0.0228
11592	0.06971
11600	0.1323
11608	-0.001918
11616	0.1306
11624	0.1514
11632	0.043
11640	0.2108
11648	0.04463
11656	0.2475
11664	0.1085
11672	-0.1323
11680	-0.01259
11688	0.1617
11696	0.04966
11704	0.08086
11712	-0.007776
11720	-0.1345
11728	-0.08348
11736	0.03739
11744	-0.1089
11752	-0.2241
11760	0.02539
11768	0.06682
11776	0.001206
11784	5.642E-4
11792	0.007653
11800	-0.03091
11808	-0.05319
11816	0.06533
11824	0.1297
11832	-0.1567
11840	0.1321
11848	0.1218
11856	-0.09323
11864	0.09709
11872	0.04333
11880	-0.05556
11888	-0.04738
11896	0.03068
11904	0.111
11912	-0.06739
11920	0.08118
11928	0.05342
11936	0.1232
11944	0.01557
11952	0.1769
11960	0.03343
11968	-0.08465
11976	-0.05194
11984	0.1981
11992	0.1167
12000	-0.1521
12008	-0.04318
12016	0.08539
12024	0.01525
12032	0.02933
12040	0.09684
12048	0.03388
12056	0.1868
12064	-0.1023
12072	0.1149
12080	0.09662
12088	0.01018
12096	0.09612
12104	-0.04169
12112	0.1818
12120	0.09673
12128	0.06891
12136	-0.01332
12144	0.02025
12152	0.03945
12160	-0.05573
12168	0.1462
12176	0.06772
12184	0.1248
12192	0.1546
12200	0.009909
12208	-0.06239
12216	-0.0187
12224	0.2552
12232	-0.1629
12240	0.04587
12248	0.1111
12256	0.1394
12264	0.2156
12272	0.06786
12280	-0.005245
12288	-0.06678
12296	-0.07492
12304	-0.1448
12312	-0.03387
12320	0.1412
12328	0.06329
12336	-0.03154
12344	0.2372
12352	-0.006847
12360	0.1223
12368	-0.002142
12376	0.08983
12384	0.07379
12392	-0.128
12400	0.04484
12408	-0.07323
12416	0.08313
12424	-0.01624
12432	-0.09286
12440	0.02154
12448	-0.06124
12456	-0.07069
12464	-0.1298
12472	0.08846
12480	0.123
12488	0.02055
12496	0.02418
12504	0.156
12512	0.01385
12520	-0.05059
12528	0.06536
12536	-0.191
12544	0.08286
12552	0.024
12560	0.03412
12568	-0.08139
12576	0.2553
12584	-0.08397
12592	-0.01285
12600	-0.1701
12608	0.1856
12616	0.06238
12624	-0.09204
12632	0.1725
12640	0.04084
12648	-0.06639
12656	-0.1014
12664	-0.07631
12672	-0.04357
12680	0.07285
12688	0.1643
12696	0.08595
12704	0.08612
12712	-0.08757
12720	-0.1655
12728	-0.1774
12736	0.1316
12744	0.08742
12752	0.04919
12760	0.1691
12768	-0.07959
12776	0.03407
12784	0.3761
12792	0.1349
12800	-0.03583
12808	-0.12
12816	0.04271
12824	-0.1692
12832	-0.005036
12840	-0.06114
12848	-0.04098
12856	-0.03994
12864	-0.1521
12872	0.09272
12880	-0.01878
12888	-0.09447
12896	-0.06571
12904	0.04279
12912	0.1783
12920	0.001429
12928	-0.05074
12936	0.2132
12944	0.2
12952	-0.04087
12960	0.01706
12968	-0.05152
12976	0.2252
12984	0.1562
12992	0.2221
13000	0.05475
13008	0.07862
13016	0.1745
13024	0.1856
13032	-0.1017
13040	0.09659
13048	0.04875
13056	-0.03149
13064	0.2041
13072	0.08326
13080	-0.09636
13088	-0.03801
13096	-0.09049
13104	0.04997
13112	0.03185
13120	-0.009327
13128	0.1661
13136	0.05864
13144	-0.0155
13152	0.01138
13160	0.101
13168	-0.2409
13176	0.2436
13184	0.1216
13192	0.1912
13200	-0.1279
13208	-0.07867
13216	0.05965
13224	-0.1454
13232	0.3415
13240	0.09291
13248	-0.01061
13256	0.04917
13264	0.08559
13272	-0.09783
13280	-0.1853
13288	0.06748
13296	-0.03232
13304	0.06752
13312	-0.2103
13320	-0.1693
13328	-0.01721
13336	0.05053
13344	0.1017
13352	-0.1141
13360	-0.1287
13368	0.09006
13376	0.1484
13384	0.01743
13392	-0.02039
13400	0.07526
13408	-0.04604
13416	0.2168
13424	0.006038
13432	0.002999
13440	-0.04427
13448	0.08742
13456	0.01033
13464	0.1586
13472	0.06659
13480	0.1089
13488	-0.06684
13496	0.02287
13504	0.1408
13512	0.07326
13520	0.1153
13528	-0.1659
13536	0.02345
13544	-0.06715
13552	-0.1239
13560	0.07761
13568	-0.01373
13576	-0.1007
13584	-0.01111
13592	0.1131
13600	0.1045
13608	0.0697
13616	0.04483
13624	-0.07157
13632	0.1081
13640	-0.1325
13648	-0.03767
13656	-0.142
13664	0.007882
13672	-0.0799
13680	-0.05047
13688	0.08574
13696	0.1546
13704	0.001094
13712	-0.06414
13720	-0.01623
13728	0.224
13736	-0.02799
13744	0.07534
13752	-0.01546
13760	-0.0968
13768	-0.1742
13776	0.05251
13784	-0.01203
13792	-0.1198
13800	0.06772
13808	-0.2878
13816	0.07944
13824	0.3178
13832	0.1892
13840	0.1662
13848	0.1718
13856	0.08725
13864	-0.2224
13872	-0.02253
13880	0.02198
13888	-0.0862
13896	0.00226
13904	0.0483
13912	0.12
13920	0.102
13928	-0.06859
13936	0.09151
13944	-0.03435
13952	0.1019
13960	-0.02165
13968	-0.003412
13976	-0.2098
13984	0.0585
13992	0.305
14000	0.1378
14008	-0.04488
14016	-0.002325
14024	0.08852
14032	0.08567
14040	0.02105
14048	0.08332
14056	0.1311
14064	0.1631
14072	0.06064
14080	-0.01259
14088	-0.03604
14096	-0.152
14104	0.09517
14112	0.1474
14120	0.07189
14128	0.01215
14136	0.03719
14144	-0.0544
14152	0.1881
14160	-0.04112
14168	-0.0528
14176	0.1123
14184	0.2776
14192	-0.06156
14200	-0.1141
14208	-0.02527
14216	-0.01897
14224	0.1762
14232	-0.02545
14240	0.08183
14248	0.05721
14256	0.03056
14264	-0.02691
14272	0.1869
14280	0.1094
14288	-0.06816
14296	-0.2709
14304	-0.1067
14312	-0.0231
14320	0.1748
14328	-0.1053
14336	-0.04293
14344	0.1333
14352	0.02525
14360	0.007806
14368	-0.0602
14376	0.154
14384	0.0115
14392	-0.01668
14400	0.1774
14408	0.06022
14416	0.06555
14424	-0.04826
14432	0.08901
14440	0.1007
14448	-0.1749
14456	0.004994
14464	0.03906
14472	0.05861
14480	0.006586
14488	0.08282
14496	0.08365
14504	-0.1743
14512	0.06483
14520	0.05503
14528	-0.07643
14536	-0.06909
14544	-0.1639
14552	0.07916
14560	0.1385
14568	-0.01725
14576	-0.1116
14584	0.02349
14592	-0.04169
14600	0.02058
14608	0.08882
14616	0.03611
14624	-0.07304
14632	0.03015
14640	0.2387
14648	0.05169
14656	0.09707
14664	0.01154
14672	0.07895
14680	0.01093
14688	-0.1036
14696	0.1139
14704	0.01716
14712	-0.03518
14720	0.04647
14728	0.09943
14736	0.05222
14744	-0.1782
14752	-0.09887
14760	-0.02911
14768	0.003068
14776	0.05178
14784	0.003064
14792	0.04459
14800	0.08355
14808	-0.04733
14816	0.05129
14824	0.178
14832	-0.06877
14840	0.1774
14848	0.161
14856	0.1183
14864	-0.09462
14872	0.03295
14880	0.01763
14888	0.1029
14896	0.1441
14904	0.1106
14912	0.2165
14920	0.249
14928	0.008782
14936	-0.1275
14944	0.06063
14952	0.1938
14960	-0.2537
14968	-0.04386
14976	0.05024
14984	0.09111
14992	0.1163
7000	0.2995
7008	0.06811
7016	0.2159
7024	0.1599
7032	0.3279
7040	0.3222
7048	0.2735
7056	0.3413
7064	0.2783
7072	-0.00802
7080	0.3518
7088	0.1943
7096	0.2962
7104	0.07851
7112	0.2235
7120	0.4173
7128	0.078
7136	-0.05968
7144	0.06805
7152	0.09266
7160	0.08337
7168	0.1185
7176	0.4208
7184	0.05221
7192	0.1025
7200	0.141
7208	-0.02113
7216	0.08945
7224	0.4396
7232	0.041
7240	0.06915
7248	0.2453
7256	0.2463
7264	0.1112
7272	0.2932
7280	0.2425
7288	0.4261
7296	0.5294
7304	0.2694
7312	0.4392
7320	0.3022
7328	0.2159
7336	0.1556
7344	0.3207
7352	0.3196
7360	0.2295
7368	0.4206
7376	-0.09474
7384	0.398
7392	0.2256
7400	0.2088
7408	0.2913
7416	0.1518
7424	0.2216
7432	0.1328
7440	0.0222
7448	0.2708
7456	0.3672
7464	0.1836
7472	0.1932
7480	0.2341
7488	0.1191
7496	0.3817
7504	0.1659
7512	0.3084
7520	0.1882
7528	0.4337
7536	0.335
7544	0.2244
7552	0.2964
7560	0.0733
7568	0.4435
7576	0.4384
7584	0.1559
7592	0.2537
7600	0.2247
7608	0.128
7616	0.1881
7624	0.2982
7632	-0.04136
7640	0.03933
7648	0.09618
7656	0.1368
7664	0.2616
7672	0.1011
7680	0.3847
7688	0.0411
7696	0.09344
7704	-0.1194
7712	0.2448
7720	0.06459
7728	0.03704
7736	0.041
7744	0.1052
7752	0.3398
7760	-0.06905
7768	0.1457
7776	-0.1257
7784	0.07782
7792	0.206
7800	0.2233
7808	-0.1041
7816	0.03453
7824	0.2396
7832	0.08839
7840	0.4899
7848	0.08573
7856	0.06734
7864	0.1273
7872	0.2146
7880	-0.001643
7888	0.3345
7896	0.2159
7904	-0.1023
7912	0.0694
7920	0.1649
7928	0.2967
7936	0.1372
7944	0.01493
7952	0.2534
7960	0.121
7968	0.08042
7976	0.2913
7984	0.06578
7992	0.2869
8000	-0.0498
8008	0.06617
8016	-0.04328
8024	0.06518
8032	0.02385
8040	-0.004959
8048	0.1902
8056	0.3257
8064	0.1265
8072	0.2555
8080	0.3343
8088	0.03375
8096	0.1155
8104	0.4357
8112	0.3039
8120	0.2209
8128	-0.1161
8136	0.2371
8144	0.1953
8152	0.02317
8160	-0.07801
8168	3.882E-4
8176	0.3524
8184	0.3209
8192	0.2664
8200	0.1002
8208	0.2054
8216	-0.03259
8224	0.05559
8232	0.204
8240	0.06634
8248	0.1661
8256	0.1807
8264	0.09074
8272	0.1557
8280	0.07773
8288	0.161
8296	0.5824
8304	0.2421
8312	0.4297
8320	0.1319
8328	0.4252
8336	0.418
8344	0.1614
8352	0.05524
8360	0.101
8368	0.2235
8376	0.257
8384	0.2892
8392	0.007953
8400	0.008455
8408	0.09512
8416	0.1181
8424	0.2741
8432	0.1967
8440	0.05725
8448	0.5069
8456	0.0863
8464	0.04395
8472	0.1928
8480	0.284
8488	0.1424
8496	0.0433
8504	0.1491
8512	0.2217
8520	-0.08505
8528	0.01418
8536	0.1152
8544	0.281
8552	-0.07706
8560	0.1859
8568	0.419
8576	0.3837
8584	0.2555
8592	0.2696
8600	0.3616
8608	0.4983
8616	0.006712
8624	0.1571
8632	0.1926
8640	-0.02043
8648	-0.007477
8656	0.3476
8664	0.2795
8672	0.02866
8680	-0.2005
8688	0.2693
8696	0.0798
8704	-0.08271
8712	0.3732
8720	0.2108
8728	0.4059
8736	0.02978
8744	0.1315
8752	0.1735
8760	-0.1312
8768	0.113
8776	0.01673
8784	0.357
8792	0.3102
8800	0.1457
8808	0.1046
8816	-0.01367
8824	0.2551
8832	0.3226
8840	0.2357
8848	0.1888
8856	0.3568
8864	0.05082
8872	0.03458
8880	0.1312
8888	0.4417
8896	0.367
8904	0.1091
8912	0.1243
8920	-0.04491
8928	0.2104
8936	0.3932
8944	0.01095
8952	-0.01518
8960	0.1181
8968	0.2194
8976	0.2674
8984	0.2775
8992	0.2503
9000	0.09216
9008	-0.0319
9016	0.03475
9024	0.357
9032	0.1902
9040	0.1135
9048	0.1212
9056	-0.05427
9064	0.3271
9072	0.2787
9080	0.3121
9088	0.1535
9096	0.3079
9104	0.3925
9112	-0.01028
9120	0.1731
9128	0.3176
9136	0.2226
9144	0.2373
9152	0.1578
9160	0.2665
9168	0.1833
9176	0.06305
9184	-0.2146
9192	0.242
9200	0.1395
9208	0.2743
9216	0.2172
9224	0.2111
9232	0.05424
9240	0.1932
9248	0.3151
9256	-0.04984
9264	0.2982
9272	0.1732
9280	0.2978
9288	0.2611
9296	0.05866
9304	0.317
9312	0.2874
9320	0.3138
9328	0.1502
9336	-0.128
9344	0.1881
9352	0.2209
9360	0.06445
9368	0.08745
9376	0.2287
9384	0.1576
9392	0.1582
9400	0.05939
9408	0.1303
9416	0.2593
9424	0.07887
9432	0.04942
9440	-0.04088
9448	-0.003599
9456	0.1902
9464	0.1449
9472	0.1901
9480	0.2105
9488	0.1357
9496	0.09823
9504	0.009852
9512	0.2313
9520	0.2617
9528	0.03999
9536	0.01615
9544	0.4179
9552	0.1569
9560	0.4164
9568	0.3011
9576	0.205
9584	0.09578
9592	0.2223
9600	-0.1012
9608	0.4592
9616	0.2615
9624	0.1267
9632	0.07364
9640	0.3742
9648	0.2148
9656	0.3002
9664	0.2384
9672	0.061
9680	0.07942
9688	0.2003
9696	0.06875
9704	0.4818
9712	0.1464
9720	0.2484
9728	0.1661
9736	0.1038
9744	0.2226
9752	0.2678
9760	0.1843
9768	0.2958
9776	-0.02583
9784	0.3259
9792	0.2543
9800	0.2684
9808	0.04321
9816	0.1813
9824	0.2136
9832	0.09956
9840	0.04859
9848	0.2736
9856	0.3031
9864	-0.06043
9872	0.2879
9880	0.3351
9888	0.1429
9896	0.1868
9904	0.1813
9912	-0.0244
9920	0.2421
9928	0.2582
9936	0.3935
9944	0.2713
9952	0.4496
9960	0.3563
9968	0.3331
9976	0.4528
9984	-0.004893
9992	0.1021
10000	0.09092
10008	0.336
10016	0.06919
10024	0.2561
10032	0.4036
10040	0.2058
10048	0.1743
10056	0.03521
10064	0.07678
10072	0.1383
10080	0.1787
10088	-0.127
10096	0.201
10104	0.3367
10112	0.05025
10120	0.2657
10128	0.2217
10136	0.1636
10144	0.03521
10152	0.3021
10160	0.1978
10168	0.1882
10176	0.07806
10184	0.2213
10192	0.5177
10200	0.3726
10208	0.1513
10216	0.04467
10224	0.1034
10232	0.3244
10240	0.3163
10248	0.3321
10256	0.275
10264	0.244
10272	0.3491
10280	0.227
10288	0.2778
10296	0.512
10304	0.1654
10312	0.01225
10320	0.02
10328	0.182
10336	0.1408
10344	0.4248
10352	0.398
10360	0.06594
10368	0.4506
10376	0.159
10384	0.2998
10392	0.09366
10400	-0.01167
10408	0.1898
10416	0.1494
10424	0.2279
10432	0.4058
10440	0.03108
10448	0.3149
10456	0.1719
10464	0.1952
10472	0.3033
10480	0.04483
10488	0.261
10496	0.3194
10504	0.165
10512	0.242
10520	0.09561
10528	0.1071
10536	-0.006035
10544	0.2573
10552	-0.148
10560	0.07367
10568	0.3299
10576	0.108
10584	0.3214
10592	0.1665
10600	0.1198
10608	0.2017
10616	0.2704
10624	0.05709
10632	0.3121
10640	0.1352
10648	0.4343
10656	0.3518
10664	0.2912
10672	0.1627
10680	-0.1816
10688	0.09904
10696	0.1602
10704	0.4532
10712	0.1881
10720	0.2038
10728	0.05322
10736	0.08086
10744	0.179
10752	0.3253
10760	0.2076
10768	0.2319
10776	0.03424
10784	0.1616
10792	0.1692
10800	0.2809
10808	0.221
10816	0.2133
10824	0.06149
10832	0.08595
10840	0.15
10848	0.1997
10856	0.3348
10864	0.2953
10872	0.2325
10880	-0.197
10888	0.2479
10896	0.1486
10904	0.1936
10912	0.0935
10920	0.155
10928	0.2145
10936	0.3766
10944	0.2541
10952	0.1463
10960	0.008474
10968	0.03545
10976	0.1591
10984	0.1042
10992	0.1195
11000	0.1746
11008	0.2442
11016	0.1816
11024	0.246
11032	0.3509
11040	0.4001
11048	0.1939
11056	0.2771
11064	0.07114
11072	0.3346
11080	-0.05925
11088	0.2158
11096	0.3057
11104	0.1477
11112	0.07645
11120	0.2412
11128	0.3069
11136	0.1352
11144	0.004296
11152	0.3201
11160	0.1791
11168	-0.01768
11176	-0.02841
11184	0.1112
11192	0.07414
11200	0.07594
11208	0.06714
11216	0.08115
11224	0.241
11232	0.1612
11240	-0.1049
11248	0.03548
11256	0.1045
11264	0.2739
11272	0.1699
11280	0.4162
11288	0.03226
11296	-0.009476
11304	0.3706
11312	-0.1608
11320	0.177
11328	0.2006
11336	0.143
11344	0.2608
11352	0.007044
11360	0.3205
11368	0.5059
11376	0.09223
11384	0.2106
11392	-0.08147
11400	-0.02982
11408	0.2235
11416	-0.1165
11424	-0.05689
11432	0.0772
11440	0.2118
11448	-0.03902
11456	0.353
11464	-0.03464
11472	0.2295
11480	0.3346
11488	0.3649
11496	0.07983
11504	0.2946
11512	0.413
11520	0.254
11528	0.2792
11536	-0.02113
11544	0.1359
11552	0.1578
11560	0.1471
11568	0.04
11576	0.2087
11584	0.1988
11592	0.4872
11600	0.266
11608	0.1953
11616	0.5144
11624	0.385
11632	0.3439
11640	0.04237
11648	0.08037
11656	0.1847
11664	0.06534
11672	0.06715
11680	0.3369
11688	0.1347
11696	0.3766
11704	0.2841
11712	0.1925
11720	0.2786
11728	0.2204
11736	0.219
11744	0.08367
11752	0.2966
11760	0.2141
11768	0.2409
11776	0.3373
11784	0.07024
11792	0.2372
11800	-0.01804
11808	0.05485
11816	0.02661
11824	0.08518
11832	0.2383
11840	0.2745
11848	0.4141
11856	0.2725
11864	-0.09118
11872	0.1586
11880	0.325
11888	0.07132
11896	0.1875
11904	-0.02033
11912	0.1903
11920	0.2004
11928	0.206
11936	0.2959
11944	0.2456
11952	0.1623
11960	0.03336
11968	-0.1171
11976	0.1692
11984	0.14
11992	-0.1282
12000	0.05745
12008	0.03617
12016	0.1193
12024	0.1965
12032	0.07156
12040	0.08434
12048	0.1372
12056	0.09444
12064	0.131
12072	0.4072
12080	0.1918
12088	0.2653
12096	0.5026
12104	0.1989
12112	0.3318
12120	0.2322
12128	0.2424
12136	0.2945
12144	0.05976
12152	0.1446
12160	-0.3152
12168	-0.03567
12176	0.2267
12184	0.2732
12192	0.287
12200	-0.0084
12208	0.1108
12216	0.2938
12224	0.3171
12232	0.04776
12240	0.07501
12248	0.09784
12256	0.461
12264	0.3015
12272	-0.05137
12280	0.1717
12288	0.4397
12296	0.3495
12304	0.0243
12312	0.1469
12320	0.1003
12328	0.2336
12336	0.1625
12344	0.2896
12352	0.2989
12360	0.1811
12368	0.3828
12376	0.2609
12384	0.3082
12392	0.3979
12400	0.2387
12408	-0.07694
12416	0.09748
12424	-0.05377
12432	0.392
12440	-0.003288
12448	0.3076
12456	0.3017
12464	0.1963
12472	0.3112
12480	-0.05523
12488	0.229
12496	0.2244
12504	0.2013
12512	0.05233
12520	0.3249
12528	0.1835
12536	0.1568
12544	0.3986
12552	0.3301
12560	0.2608
12568	0.3054
12576	0.2729
12584	0.1891
12592	0.2219
12600	0.4257
12608	0.1143
12616	0.3745
12624	0.4406
12632	0.232
12640	0.2548
12648	0.1482
12656	0.3029
12664	0.339
12672	0.2353
12680	-0.04142
12688	0.04474
12696	0.2868
12704	0.4644
12712	0.2327
12720	0.1228
12728	0.1393
12736	0.3727
12744	0.2663
12752	0.2721
12760	0.3739
12768	0.02908
12776	0.1095
12784	0.3543
12792	0.282
12800	0.1368
12808	0.1606
12816	0.08918
12824	0.05183
12832	0.1056
12840	0.3473
12848	0.1643
12856	0.1122
12864	0.2021
12872	-0.1109
12880	0.4169
12888	0.1425
12896	-0.06103
12904	0.08192
12912	0.0219
12920	-0.1524
12928	0.1377
12936	0.2675
12944	0.2319
12952	0.1852
12960	0.2619
12968	-0.1718
12976	0.0177
12984	0.1427
12992	0.3768
13000	0.2953
13008	-0.1043
13016	0.2807
13024	0.1138
13032	0.2705
13040	0.202
13048	0.1917
13056	0.2842
13064	0.1208
13072	0.1121
13080	0.1362
13088	0.2783
13096	0.2743
13104	0.09404
13112	0.05432
13120	0.1925
13128	0.2945
13136	0.1322
13144	0.01041
13152	0.09084
13160	0.1069
13168	0.2932
13176	0.1232
13184	0.09085
13192	0.1603
13200	-0.1555
13208	0.1142
13216	0.2591
13224	0.2272
13232	0.07863
13240	0.2216
13248	0.07316
13256	0.411
13264	0.1768
13272	0.0517
13280	-0.08757
13288	0.1448
13296	0.4317
13304	-0.007639
13312	0.07793
13320	0.06143
13328	0.1871
13336	0.2924
13344	0.1591
13352	0.4245
13360	0.1375
13368	0.2387
13376	0.09532
13384	0.2365
13392	0.02976
13400	0.2264
13408	0.03577
13416	0.1635
13424	0.03449
13432	0.03818
13440	0.2789
13448	0.1437
13456	0.1453
13464	0.08726
13472	0.383
13480	0.0321
13488	0.1881
13496	0.1524
13504	0.2554
13512	0.04662
13520	0.3914
13528	0.1265
13536	0.3512
13544	0.275
13552	0.459
13560	0.1984
13568	0.3056
13576	0.2897
13584	-0.02549
13592	0.1356
13600	0.3045
13608	0.1162
13616	0.222
13624	0.3502
13632	0.2824
13640	0.3134
13648	0.3259
13656	0.1333
13664	-0.1344
13672	0.5348
13680	-0.136
13688	0.1827
13696	0.09627
13704	0.239
13712	0.5769
13720	-0.1
13728	0.2749
13736	0.5079
13744	0.07213
13752	0.06639
13760	0.1499
13768	0.2794
13776	0.0952
13784	0.1004
13792	0.1013
13800	0.2664
13808	0.1577
13816	0.1895
13824	0.1861
13832	0.17
13840	0.06778
13848	0.5439
13856	0.258
13864	0.2901
13872	0.3701
13880	0.3965
13888	-0.09717
13896	0.2387
13904	0.2751
13912	0.4611
13920	0.1521
13928	0.3246
13936	0.1502
13944	-0.002724
13952	0.09954
13960	0.1741
13968	-0.007777
13976	0.3814
13984	0.09821
13992	0.1925
14000	0.1472
14008	0.2835
14016	0.1726
14024	0.2992
14032	0.2312
14040	0.1117
14048	0.1609
14056	-0.05906
14064	0.1506
14072	0.08141
14080	0.2611
14088	0.1641
14096	0.1581
14104	0.3265
14112	0.5681
14120	0.1543
14128	0.507
14136	0.3262
14144	0.4176
14152	0.2219
14160	0.001114
14168	0.248
14176	0.3537
14184	0.2613
14192	-0.1075
14200	-0.01617
14208	0.08416
14216	0.1878
14224	0.4192
14232	0.02507
14240	0.2039
14248	0.3108
14256	0.04903
14264	-0.04306
14272	-0.1117
14280	0.1876
14288	0.1754
14296	0.08728
14304	0.142
14312	0.2625
14320	0.3187
14328	0.2489
14336	0.3117
14344	0.2275
14352	0.2766
14360	0.08082
14368	0.3106
14376	0.1595
14384	0.4074
14392	0.1439
14400	0.2129
14408	0.03743
14416	0.1508
14424	0.3558
14432	0.3138
14440	0.1444
14448	0.1275
14456	-0.04751
14464	0.002754
14472	0.009872
14480	0.4761
14488	0.1029
14496	0.2181
14504	0.2796
14512	-0.05972
14520	0.2193
14528	0.1112
14536	0.1104
14544	0.1831
14552	0.1907
14560	0.2054
14568	0.06792
14576	0.2299
14584	0.2155
14592	-0.09644
14600	0.2032
14608	0.0163
14616	0.2593
14624	0.2124
14632	0.02864
14640	0.2266
14648	0.01799
14656	0.3859
14664	0.3539
14672	0.2183
14680	0.4931
14688	0.2371
14696	0.05173
14704	0.03562
14712	0.3671
14720	0.1245
14728	0.1778
14736	0.2787
14744	0.2686
14752	0.1226
14760	0.1473
14768	0.09691
14776	0.1923
14784	0.4053
14792	0.08572
14800	0.2522
14808	0.09547
14816	0.398
14824	0.4147
14832	0.2537
14840	0.1236
14848	0.2984
14856	0.03499
14864	0.3215
14872	0.1467
14880	0.383
14888	0.3975
14896	0.3583
14904	0.2834
14912	0.03238
14920	0.2105
14928	0.08255
14936	0.1841
14944	0.365
14952	0.1203
14960	0.4168
14968	0.01575
14976	0.236
14984	0.3685
14992	0.01158
