		mean	sd	MC_error	val2.5pc	val97.5pc	start	sample
	alpha[1]	1.874	0.3725	0.04272	1.102	2.592	7001	1000
	alpha[2]	4.325	0.3938	0.04341	3.516	5.077	7001	1000
	alpha[3]	3.604	0.4983	0.04139	2.554	4.518	7001	1000
	alpha[4]	3.418	0.3887	0.03975	2.683	4.24	7001	1000
	alpha[5]	1.947	0.3886	0.03918	1.162	2.7	7001	1000
	alpha[6]	2.282	0.3789	0.04208	1.502	2.968	7001	1000
	alpha[7]	3.378	0.3715	0.03569	2.6	4.098	7001	1000
	alpha[8]	2.853	0.4401	0.04123	1.909	3.718	7001	1000
	alpha[9]	2.689	0.3953	0.03946	1.883	3.477	7001	1000
	alpha[10]	2.689	0.3884	0.04137	1.874	3.442	7001	1000
	alpha[11]	3.354	0.3582	0.03596	2.587	4.039	7001	1000
	alpha[12]	1.959	0.3626	0.04068	1.249	2.65	7001	1000
	alpha[13]	3.183	0.3545	0.03997	2.489	3.885	7001	1000
	alpha[14]	4.493	0.4167	0.04457	3.632	5.317	7001	1000
	alpha[15]	3.969	0.4015	0.04011	3.125	4.711	7001	1000
	alpha[16]	2.842	0.4521	0.04539	1.836	3.726	7001	1000
	alpha[17]	3.968	0.3392	0.03707	3.267	4.598	7001	1000
	alpha[18]	1.721	0.3672	0.03966	0.922	2.387	7001	1000
	alpha[19]	3.607	0.3943	0.0406	2.783	4.345	7001	1000
	alpha[20]	1.691	0.3529	0.03839	0.948	2.377	7001	1000
	alpha[21]	2.542	0.3673	0.04144	1.812	3.264	7001	1000
	alpha[22]	2.371	0.576	0.04592	1.264	3.509	7001	1000
	alpha[23]	3.783	0.3798	0.04116	3.01	4.56	7001	1000
	alpha[24]	3.296	0.3383	0.03649	2.599	3.962	7001	1000
	alpha[25]	2.935	0.4009	0.0371	2.144	3.691	7001	1000
	alpha[26]	2.864	0.4085	0.04239	2.06	3.657	7001	1000
	alpha[27]	2.487	0.3229	0.03513	1.823	3.097	7001	1000
	alpha[28]	4.237	0.3468	0.03557	3.548	4.919	7001	1000
	alpha[29]	2.947	0.3804	0.03954	2.161	3.65	7001	1000
	alpha[30]	2.465	0.3702	0.04133	1.713	3.152	7001	1000
	alpha[31]	2.916	0.3697	0.03736	2.201	3.652	7001	1000
	alpha[32]	4.324	0.349	0.03691	3.631	5.004	7001	1000
	alpha[33]	1.937	0.4203	0.03696	1.153	2.711	7001	1000
	alpha[34]	3.831	0.3757	0.04029	3.084	4.541	7001	1000
	alpha[35]	3.225	0.3694	0.04187	2.489	3.929	7001	1000
	alpha[36]	2.981	0.3456	0.03717	2.302	3.657	7001	1000
	alpha[37]	2.758	0.4303	0.03981	1.904	3.584	7001	1000
	alpha[38]	3.3	0.4501	0.04231	2.412	4.184	7001	1000
	alpha[39]	3.863	0.3713	0.03712	3.09	4.584	7001	1000
	alpha[40]	3.654	0.6745	0.04617	2.325	4.955	7001	1000
	alpha[41]	3.56	0.4523	0.04138	2.694	4.451	7001	1000
	alpha[42]	3.143	0.3848	0.04047	2.341	3.862	7001	1000
	alpha[43]	2.191	0.4515	0.04078	1.282	3.09	7001	1000
	alpha[44]	2.654	0.3842	0.03989	1.842	3.398	7001	1000
	alpha[45]	2.534	0.3778	0.03623	1.753	3.253	7001	1000
	alpha[46]	1.984	0.3787	0.04039	1.181	2.706	7001	1000
	alpha[47]	4.124	0.374	0.03841	3.352	4.851	7001	1000
	alpha[48]	2.705	0.3357	0.03785	2.039	3.365	7001	1000
	alpha[49]	2.667	0.3878	0.03807	1.839	3.419	7001	1000
	alpha[50]	3.981	0.3803	0.03608	3.192	4.707	7001	1000
	alpha[51]	4.722	0.4578	0.03522	3.831	5.574	7001	1000
	alpha[52]	2.596	0.4656	0.04486	1.641	3.5	7001	1000
	alpha[53]	2.804	0.4068	0.03914	1.94	3.531	7001	1000
	alpha[54]	2.383	0.3683	0.03844	1.643	3.079	7001	1000
	alpha[55]	3.249	0.3673	0.03763	2.501	4.0	7001	1000
	alpha[56]	3.139	0.3638	0.03477	2.447	3.82	7001	1000
	alpha[57]	2.416	0.359	0.04182	1.656	3.11	7001	1000
	alpha[58]	3.28	0.3571	0.04222	2.549	3.94	7001	1000
	alpha[59]	3.534	0.3807	0.03811	2.781	4.262	7001	1000
	alpha[60]	2.84	0.36	0.03785	2.068	3.502	7001	1000
	alpha[61]	3.447	0.356	0.03706	2.75	4.11	7001	1000
	alpha[62]	3.123	0.3535	0.03795	2.418	3.798	7001	1000
	alpha[63]	3.457	0.3897	0.04115	2.629	4.191	7001	1000
	alpha[64]	3.696	0.441	0.04399	2.807	4.519	7001	1000
	alpha[65]	2.395	0.3957	0.04032	1.572	3.148	7001	1000
	alpha[66]	1.568	0.3905	0.04033	0.7967	2.33	7001	1000
	alpha[67]	3.535	0.3503	0.03863	2.787	4.223	7001	1000
	alpha[68]	4.149	0.3506	0.03993	3.389	4.826	7001	1000
	alpha[69]	2.309	0.3696	0.03606	1.573	3.037	7001	1000
	alpha[70]	4.129	0.3435	0.03783	3.426	4.775	7001	1000
	alpha[71]	2.331	0.343	0.03668	1.634	2.975	7001	1000
	alpha[72]	2.937	0.4325	0.04047	2.048	3.781	7001	1000
	alpha[73]	3.305	0.4307	0.03596	2.441	4.123	7001	1000
	alpha[74]	3.076	0.3681	0.03608	2.317	3.794	7001	1000
	alpha[75]	2.142	0.4347	0.04461	1.274	2.983	7001	1000
	alpha[76]	2.453	0.4669	0.03724	1.532	3.39	7001	1000
	alpha[77]	3.092	0.4062	0.0408	2.31	3.89	7001	1000
	alpha[78]	2.759	0.3724	0.04115	1.955	3.454	7001	1000
	alpha[79]	1.592	0.4272	0.04362	0.6686	2.428	7001	1000
	alpha[80]	3.173	0.3758	0.03904	2.422	3.924	7001	1000
	alpha[81]	3.174	0.337	0.02835	2.535	3.809	7001	1000
	alpha[82]	2.829	0.3744	0.03944	2.076	3.552	7001	1000
	alpha[83]	4.608	0.4124	0.03924	3.801	5.404	7001	1000
	alpha[84]	3.371	0.4016	0.04185	2.543	4.103	7001	1000
	alpha[85]	1.599	0.3975	0.04211	0.7648	2.336	7001	1000
	alpha[86]	3.271	0.4297	0.03792	2.405	4.155	7001	1000
	alpha[87]	2.406	0.4531	0.04054	1.515	3.352	7001	1000
	alpha[88]	2.836	0.646	0.04234	1.578	4.069	7001	1000
	alpha[89]	1.582	0.4359	0.04037	0.7236	2.421	7001	1000
	alpha[90]	3.222	0.4166	0.03992	2.408	4.02	7001	1000
	alpha[91]	4.415	0.3672	0.04057	3.647	5.105	7001	1000
	alpha[92]	3.214	0.4126	0.03918	2.37	3.967	7001	1000
	alpha[93]	2.047	0.3757	0.03752	1.271	2.765	7001	1000
	alpha[94]	1.943	0.34	0.03493	1.273	2.57	7001	1000
	alpha[95]	3.919	0.5434	0.04166	2.849	4.96	7001	1000
	alpha[96]	1.964	0.3942	0.03514	1.18	2.726	7001	1000
	alpha[97]	2.321	0.366	0.04119	1.554	3.034	7001	1000
	alpha[98]	3.006	0.5786	0.04226	1.779	4.039	7001	1000
	alpha[99]	3.538	0.384	0.03787	2.753	4.27	7001	1000
	alpha[100]	4.067	0.4175	0.04003	3.249	4.932	7001	1000
	alpha[101]	2.857	0.436	0.04234	1.973	3.735	7001	1000
	alpha[102]	3.079	0.4234	0.03978	2.192	3.916	7001	1000
	alpha[103]	2.826	0.3558	0.0354	2.071	3.476	7001	1000
	alpha[104]	1.937	0.5799	0.04566	0.7949	3.08	7001	1000
	alpha[105]	3.073	0.3538	0.03999	2.359	3.719	7001	1000
	alpha[106]	2.197	0.4151	0.03995	1.4	3.004	7001	1000
	alpha[107]	2.685	0.3687	0.04295	1.892	3.429	7001	1000
	alpha[108]	4.122	0.3679	0.03571	3.366	4.801	7001	1000
	alpha[109]	3.376	0.392	0.04186	2.588	4.105	7001	1000
	alpha[110]	2.973	0.3607	0.03864	2.257	3.7	7001	1000
	alpha[111]	3.233	0.6641	0.0464	1.939	4.556	7001	1000
	alpha[112]	3.993	0.4225	0.04097	3.131	4.77	7001	1000
	alpha[113]	1.838	0.3927	0.04051	1.053	2.575	7001	1000
	alpha[114]	2.296	0.4274	0.04009	1.48	3.144	7001	1000
	alpha[115]	1.696	0.4145	0.0415	0.8942	2.473	7001	1000
	alpha[116]	1.551	0.4181	0.0406	0.686	2.329	7001	1000
	alpha[117]	2.766	0.4072	0.03794	1.967	3.551	7001	1000
	alpha[118]	2.518	0.3495	0.03836	1.824	3.174	7001	1000
	alpha[119]	3.932	0.5879	0.04583	2.81	5.1	7001	1000
	alpha[120]	3.073	0.4383	0.04284	2.208	3.927	7001	1000
	alpha[121]	4.054	0.4313	0.04332	3.181	4.851	7001	1000
	alpha[122]	2.046	0.6607	0.03687	0.7822	3.353	7001	1000
	alpha[123]	2.678	0.3996	0.04565	1.873	3.448	7001	1000
	alpha[124]	1.896	0.3634	0.04132	1.198	2.598	7001	1000
	alpha[125]	1.803	0.3659	0.037	1.07	2.508	7001	1000
	alpha[126]	2.789	0.4264	0.04092	1.92	3.664	7001	1000
	alpha[127]	2.452	0.3661	0.04303	1.647	3.119	7001	1000
	alpha[128]	2.883	0.3833	0.03768	2.111	3.594	7001	1000
	alpha[129]	3.637	0.3786	0.0353	2.828	4.339	7001	1000
	alpha[130]	3.292	0.3584	0.03828	2.57	3.981	7001	1000
	alpha[131]	2.716	0.4181	0.03753	1.853	3.496	7001	1000
	alpha[132]	2.726	0.6591	0.04397	1.392	4.048	7001	1000
	alpha[133]	1.589	0.4001	0.04302	0.7752	2.319	7001	1000
	alpha[134]	2.377	0.3881	0.0384	1.59	3.141	7001	1000
	alpha[135]	2.96	0.3866	0.03766	2.222	3.717	7001	1000
	alpha[136]	1.701	0.4376	0.04317	0.811	2.519	7001	1000
	alpha[137]	3.185	0.3244	0.03237	2.588	3.819	7001	1000
	alpha[138]	2.149	0.4596	0.03656	1.271	3.029	7001	1000
	alpha[139]	2.873	0.3564	0.03684	2.158	3.55	7001	1000
	alpha[140]	2.425	0.3583	0.03488	1.689	3.111	7001	1000
	alpha[141]	4.187	0.4631	0.03998	3.234	5.053	7001	1000
	alpha[142]	3.213	0.5833	0.04262	2.088	4.302	7001	1000
	alpha[143]	2.25	0.3641	0.03761	1.489	2.919	7001	1000
	alpha[144]	2.136	0.3586	0.04135	1.377	2.848	7001	1000
	alpha[145]	3.844	0.3545	0.02902	3.182	4.535	7001	1000
	alpha[146]	4.505	0.4289	0.03196	3.68	5.342	7001	1000
	alpha[147]	3.221	0.3661	0.03641	2.493	3.901	7001	1000
	alpha[148]	2.357	0.3711	0.04084	1.607	3.088	7001	1000
	alpha[149]	2.974	0.3522	0.04081	2.23	3.635	7001	1000
	alpha[150]	3.476	0.3505	0.03951	2.813	4.176	7001	1000
	alpha[151]	2.787	0.6749	0.04785	1.466	4.135	7001	1000
	alpha[152]	2.44	0.3661	0.04327	1.703	3.14	7001	1000
	alpha[153]	2.779	0.4011	0.03609	2.023	3.592	7001	1000
	alpha[154]	2.85	0.4506	0.04305	1.937	3.734	7001	1000
	alpha[155]	2.906	0.3922	0.03819	2.159	3.693	7001	1000
	alpha[156]	3.191	0.3877	0.04116	2.406	3.975	7001	1000
	alpha[157]	3.05	0.3904	0.04198	2.272	3.796	7001	1000
	alpha[158]	3.036	0.3733	0.0446	2.276	3.696	7001	1000
	alpha[159]	2.272	0.3803	0.03928	1.514	3.026	7001	1000
	alpha[160]	2.173	0.3578	0.04186	1.409	2.846	7001	1000
	alpha[161]	4.378	0.4165	0.03661	3.542	5.144	7001	1000
	alpha[162]	2.771	0.4428	0.041	1.858	3.616	7001	1000
	alpha[163]	3.525	0.3117	0.02257	2.864	4.138	7001	1000
	alpha[164]	3.405	0.3764	0.03964	2.668	4.129	7001	1000
	alpha[165]	2.423	0.4429	0.04233	1.565	3.294	7001	1000
	alpha[166]	4.107	0.3551	0.04115	3.371	4.763	7001	1000
	alpha[167]	2.644	0.3668	0.03572	1.916	3.337	7001	1000
	alpha[168]	3.137	0.3641	0.03566	2.44	3.857	7001	1000
	alpha[169]	3.873	0.5766	0.04137	2.743	4.992	7001	1000
	alpha[170]	3.944	0.3668	0.04071	3.225	4.638	7001	1000
	alpha[171]	3.987	0.4632	0.04292	3.09	4.904	7001	1000
	alpha[172]	2.212	0.3626	0.04058	1.453	2.89	7001	1000
	alpha[173]	3.494	0.3835	0.04128	2.739	4.211	7001	1000
	alpha[174]	2.034	0.4206	0.04386	1.188	2.867	7001	1000
	alpha[175]	3.986	0.3793	0.02499	3.221	4.711	7001	1000
	alpha[176]	2.296	0.3743	0.03704	1.489	2.994	7001	1000
	alpha[177]	4.091	0.4524	0.03666	3.174	5.017	7001	1000
	alpha[178]	3.591	0.3484	0.03342	2.876	4.233	7001	1000
	alpha[179]	3.505	0.365	0.03988	2.753	4.193	7001	1000
	alpha[180]	4.255	0.4167	0.03921	3.379	5.062	7001	1000
	alpha[181]	3.543	0.3757	0.03835	2.79	4.241	7001	1000
	alpha[182]	3.771	0.5888	0.04615	2.565	4.912	7001	1000
	alpha[183]	3.241	0.4185	0.04109	2.357	4.049	7001	1000
	alpha[184]	2.917	0.3739	0.03786	2.127	3.646	7001	1000
	alpha[185]	3.348	0.3708	0.03582	2.607	4.104	7001	1000
	alpha[186]	1.517	0.3645	0.03684	0.7593	2.201	7001	1000
	alpha[187]	2.446	0.4249	0.03907	1.578	3.265	7001	1000
	alpha[188]	2.332	0.3672	0.04186	1.533	3.042	7001	1000
	alpha[189]	2.023	0.3533	0.03894	1.307	2.722	7001	1000
	alpha[190]	3.359	0.3922	0.0384	2.531	4.107	7001	1000
	alpha[191]	3.306	0.4124	0.03825	2.456	4.05	7001	1000
	alpha[192]	3.75	0.3869	0.03642	2.981	4.451	7001	1000
	alpha[193]	2.04	0.3901	0.04168	1.261	2.77	7001	1000
	alpha[194]	3.346	0.364	0.03624	2.632	4.026	7001	1000
	alpha[195]	3.929	0.3535	0.03963	3.156	4.633	7001	1000
	alpha[196]	2.091	0.4082	0.04509	1.265	2.861	7001	1000
	alpha[197]	1.648	0.4567	0.03674	0.8005	2.553	7001	1000
	alpha[198]	2.129	0.488	0.0402	1.16	3.093	7001	1000
	alpha[199]	3.616	0.4203	0.03737	2.78	4.432	7001	1000
	alpha[200]	1.509	0.382	0.04028	0.7405	2.255	7001	1000
	alpha[201]	2.274	0.6578	0.04459	1.027	3.579	7001	1000
	alpha[202]	2.737	0.3612	0.04099	1.977	3.418	7001	1000
	alpha[203]	2.511	0.3551	0.04023	1.769	3.213	7001	1000
	alpha[204]	3.501	0.4332	0.04183	2.65	4.347	7001	1000
	alpha[205]	3.719	0.374	0.04056	2.926	4.402	7001	1000
	alpha[206]	3.334	0.4753	0.04128	2.402	4.241	7001	1000
	alpha[207]	2.477	0.5032	0.04537	1.505	3.509	7001	1000
	alpha[208]	2.946	0.5817	0.04782	1.79	4.059	7001	1000
	alpha[209]	2.813	0.4063	0.03878	2.014	3.589	7001	1000
	alpha[210]	2.733	0.3614	0.03907	2.027	3.414	7001	1000
	alpha[211]	1.645	0.3153	0.03057	1.04	2.269	7001	1000
	alpha[212]	3.939	0.4225	0.03715	3.065	4.756	7001	1000
	alpha[213]	1.49	0.369	0.0437	0.722	2.191	7001	1000
	alpha[214]	3.422	0.3903	0.04044	2.603	4.173	7001	1000
	alpha[215]	2.447	0.4318	0.04058	1.603	3.268	7001	1000
	alpha[216]	3.298	0.4303	0.04036	2.438	4.095	7001	1000
	alpha[217]	3.887	0.423	0.03587	3.011	4.726	7001	1000
	alpha[218]	3.039	0.6563	0.03447	1.771	4.321	7001	1000
	alpha[219]	3.927	0.3886	0.04048	3.16	4.639	7001	1000
	alpha[220]	4.25	0.6663	0.0417	2.943	5.576	7001	1000
	alpha[221]	2.891	0.458	0.0393	1.98	3.772	7001	1000
	alpha[222]	2.032	0.3973	0.0421	1.245	2.803	7001	1000
	alpha[223]	2.877	0.4325	0.03769	1.979	3.67	7001	1000
	alpha[224]	4.49	0.424	0.03992	3.633	5.287	7001	1000
	alpha[225]	4.26	0.3323	0.02916	3.623	4.909	7001	1000
	alpha[226]	4.489	0.3783	0.02933	3.783	5.238	7001	1000
	alpha[227]	3.288	0.3877	0.04164	2.444	4.059	7001	1000
	alpha[228]	2.997	0.4012	0.03785	2.209	3.765	7001	1000
	alpha[229]	3.257	0.3966	0.03666	2.493	4.024	7001	1000
	alpha[230]	2.49	0.4698	0.04021	1.513	3.408	7001	1000
	alpha[231]	2.013	0.3594	0.03406	1.258	2.68	7001	1000
	alpha[232]	4.062	0.654	0.04303	2.789	5.289	7001	1000
	alpha[233]	3.916	0.4333	0.0401	3.084	4.759	7001	1000
	alpha[234]	4.478	0.515	0.03558	3.457	5.503	7001	1000
	alpha[235]	2.835	0.3766	0.03753	2.087	3.522	7001	1000
	alpha[236]	2.775	0.3799	0.03615	1.99	3.509	7001	1000
	alpha[237]	2.998	0.3748	0.03588	2.248	3.727	7001	1000
	alpha[238]	3.72	0.3747	0.03805	2.943	4.437	7001	1000
	alpha[239]	3.876	0.5738	0.02367	2.729	4.994	7001	1000
	alpha[240]	2.492	0.4601	0.03749	1.589	3.377	7001	1000
	alpha[241]	3.035	0.3771	0.03659	2.269	3.757	7001	1000
	alpha[242]	1.887	0.4173	0.03802	1.032	2.741	7001	1000
	alpha[243]	1.535	0.4147	0.04203	0.7319	2.326	7001	1000
	alpha[244]	3.811	0.6129	0.04518	2.636	5.067	7001	1000
	alpha[245]	3.757	0.4018	0.03795	2.944	4.542	7001	1000
	alpha[246]	3.723	0.5126	0.0375	2.72	4.681	7001	1000
	alpha[247]	3.124	0.3199	0.03237	2.442	3.72	7001	1000
	alpha[248]	2.443	0.4073	0.03916	1.571	3.264	7001	1000
	alpha[249]	3.032	0.4156	0.03892	2.175	3.855	7001	1000
	alpha[250]	3.227	0.3984	0.03605	2.417	3.984	7001	1000
	alpha[251]	3.281	0.6091	0.04539	2.019	4.473	7001	1000
	alpha[252]	3.609	0.3698	0.03752	2.902	4.32	7001	1000
	alpha[253]	2.429	0.4088	0.04097	1.561	3.215	7001	1000
	alpha[254]	4.417	0.6301	0.04244	3.203	5.655	7001	1000
	alpha[255]	3.011	0.412	0.04289	2.181	3.821	7001	1000
	alpha[256]	1.801	0.4099	0.03877	1.005	2.596	7001	1000
	alpha[257]	1.708	0.4102	0.04144	0.8364	2.491	7001	1000
	alpha[258]	3.239	0.419	0.04158	2.397	4.063	7001	1000
	alpha[259]	4.417	0.3494	0.03287	3.72	5.088	7001	1000
	alpha[260]	2.387	0.3933	0.03725	1.544	3.121	7001	1000
	alpha[261]	3.192	0.5844	0.04025	1.984	4.313	7001	1000
	alpha[262]	2.698	0.4041	0.03817	1.866	3.464	7001	1000
	alpha[263]	3.102	0.4486	0.04037	2.228	3.956	7001	1000
	alpha[264]	4.189	0.592	0.04168	3.013	5.362	7001	1000
	alpha[265]	3.894	0.3338	0.03361	3.208	4.512	7001	1000
	alpha[266]	2.999	0.393	0.03914	2.205	3.779	7001	1000
	alpha[267]	4.365	0.3748	0.03717	3.606	5.11	7001	1000
	alpha[268]	3.834	0.4022	0.03668	3.043	4.567	7001	1000
	alpha[269]	1.622	0.4534	0.03687	0.7205	2.512	7001	1000
	alpha[270]	3.841	0.3956	0.03657	3.054	4.601	7001	1000
	alpha[271]	4.568	0.4961	0.0406	3.565	5.507	7001	1000
	alpha[272]	3.285	0.4055	0.03823	2.485	4.07	7001	1000
	alpha[273]	4.492	0.4752	0.04369	3.558	5.437	7001	1000
	alpha[274]	1.846	0.4178	0.04177	0.9937	2.641	7001	1000
	alpha[275]	3.576	0.4015	0.03621	2.772	4.322	7001	1000
	alpha[276]	4.648	0.3746	0.03392	3.915	5.349	7001	1000
	alpha[277]	2.111	0.4509	0.04013	1.21	2.994	7001	1000
	alpha[278]	1.669	0.4443	0.03983	0.8472	2.599	7001	1000
	alpha[279]	3.287	0.564	0.0437	2.258	4.368	7001	1000
	alpha[280]	3.611	0.3279	0.02287	2.959	4.23	7001	1000
	alpha[281]	2.448	0.4541	0.03981	1.546	3.31	7001	1000
	alpha[282]	1.654	0.4745	0.04434	0.7343	2.511	7001	1000
	alpha[283]	3.997	0.3705	0.03596	3.251	4.684	7001	1000
	alpha[284]	2.802	0.4521	0.04316	1.866	3.682	7001	1000
	alpha[285]	4.045	0.4543	0.04027	3.13	4.87	7001	1000
	alpha[286]	4.033	0.4639	0.0409	3.133	4.928	7001	1000
	alpha[287]	3.321	0.5386	0.0424	2.234	4.376	7001	1000
	alpha[288]	2.579	0.5696	0.04547	1.439	3.7	7001	1000
	alpha[289]	4.457	0.5227	0.03597	3.388	5.421	7001	1000
	alpha[290]	2.342	0.4805	0.03716	1.381	3.288	7001	1000
	alpha[291]	2.527	0.5078	0.04467	1.51	3.462	7001	1000
	alpha[292]	4.097	0.5117	0.0403	3.068	5.089	7001	1000
	alpha[293]	4.139	0.5333	0.03377	3.07	5.202	7001	1000
	alpha[294]	3.166	0.4939	0.04141	2.135	4.145	7001	1000
	alpha[295]	2.568	0.579	0.04424	1.436	3.737	7001	1000
	alpha[296]	2.55	0.5724	0.03938	1.352	3.661	7001	1000
	alpha[297]	2.919	0.5729	0.0434	1.761	4.103	7001	1000
	alpha[298]	3.169	0.5689	0.03487	2.033	4.285	7001	1000
	alpha[299]	2.563	0.5785	0.04321	1.418	3.752	7001	1000
	alpha[300]	3.732	0.5891	0.0408	2.594	4.891	7001	1000
