beta[1]		1	1000
beta[2]		1001	2000
beta[3]		2001	3000
beta[4]		3001	4000
beta[5]		4001	5000
beta[6]		5001	6000
beta[7]		6001	7000
beta[8]		7001	8000
beta[9]		8001	9000
beta[10]	9001	10000
beta[11]	10001	11000
beta[12]	11001	12000
beta[13]	12001	13000
beta[14]	13001	14000
beta[15]	14001	15000
beta[16]	15001	16000
beta[17]	16001	17000
beta[18]	17001	18000
beta[19]	18001	19000
beta[20]	19001	20000
beta[21]	20001	21000
beta[22]	21001	22000
beta[23]	22001	23000
beta[24]	23001	24000
beta[25]	24001	25000
beta[26]	25001	26000
beta[27]	26001	27000
beta[28]	27001	28000
beta[29]	28001	29000
beta[30]	29001	30000
beta[31]	30001	31000
beta[32]	31001	32000
beta[33]	32001	33000
beta[34]	33001	34000
beta[35]	34001	35000
beta[36]	35001	36000
beta[37]	36001	37000
beta[38]	37001	38000
beta[39]	38001	39000
beta[40]	39001	40000
beta[41]	40001	41000
beta[42]	41001	42000
beta[43]	42001	43000
beta[44]	43001	44000
beta[45]	44001	45000
beta[46]	45001	46000
beta[47]	46001	47000
beta[48]	47001	48000
beta[49]	48001	49000
beta[50]	49001	50000
beta[51]	50001	51000
beta[52]	51001	52000
beta[53]	52001	53000
beta[54]	53001	54000
beta[55]	54001	55000
beta[56]	55001	56000
beta[57]	56001	57000
beta[58]	57001	58000
beta[59]	58001	59000
beta[60]	59001	60000
beta[61]	60001	61000
beta[62]	61001	62000
beta[63]	62001	63000
beta[64]	63001	64000
beta[65]	64001	65000
beta[66]	65001	66000
beta[67]	66001	67000
beta[68]	67001	68000
beta[69]	68001	69000
beta[70]	69001	70000
beta[71]	70001	71000
beta[72]	71001	72000
beta[73]	72001	73000
beta[74]	73001	74000
beta[75]	74001	75000
beta[76]	75001	76000
beta[77]	76001	77000
beta[78]	77001	78000
beta[79]	78001	79000
beta[80]	79001	80000
beta[81]	80001	81000
beta[82]	81001	82000
beta[83]	82001	83000
beta[84]	83001	84000
beta[85]	84001	85000
beta[86]	85001	86000
beta[87]	86001	87000
beta[88]	87001	88000
beta[89]	88001	89000
beta[90]	89001	90000
beta[91]	90001	91000
beta[92]	91001	92000
beta[93]	92001	93000
beta[94]	93001	94000
beta[95]	94001	95000
beta[96]	95001	96000
beta[97]	96001	97000
beta[98]	97001	98000
beta[99]	98001	99000
beta[100]	99001	100000
beta[101]	100001	101000
beta[102]	101001	102000
beta[103]	102001	103000
beta[104]	103001	104000
beta[105]	104001	105000
beta[106]	105001	106000
beta[107]	106001	107000
beta[108]	107001	108000
beta[109]	108001	109000
beta[110]	109001	110000
beta[111]	110001	111000
beta[112]	111001	112000
beta[113]	112001	113000
beta[114]	113001	114000
beta[115]	114001	115000
beta[116]	115001	116000
beta[117]	116001	117000
beta[118]	117001	118000
beta[119]	118001	119000
beta[120]	119001	120000
beta[121]	120001	121000
beta[122]	121001	122000
beta[123]	122001	123000
beta[124]	123001	124000
beta[125]	124001	125000
beta[126]	125001	126000
beta[127]	126001	127000
beta[128]	127001	128000
beta[129]	128001	129000
beta[130]	129001	130000
beta[131]	130001	131000
beta[132]	131001	132000
beta[133]	132001	133000
beta[134]	133001	134000
beta[135]	134001	135000
beta[136]	135001	136000
beta[137]	136001	137000
beta[138]	137001	138000
beta[139]	138001	139000
beta[140]	139001	140000
beta[141]	140001	141000
beta[142]	141001	142000
beta[143]	142001	143000
beta[144]	143001	144000
beta[145]	144001	145000
beta[146]	145001	146000
beta[147]	146001	147000
beta[148]	147001	148000
beta[149]	148001	149000
beta[150]	149001	150000
beta[151]	150001	151000
beta[152]	151001	152000
beta[153]	152001	153000
beta[154]	153001	154000
beta[155]	154001	155000
beta[156]	155001	156000
beta[157]	156001	157000
beta[158]	157001	158000
beta[159]	158001	159000
beta[160]	159001	160000
beta[161]	160001	161000
beta[162]	161001	162000
beta[163]	162001	163000
beta[164]	163001	164000
beta[165]	164001	165000
beta[166]	165001	166000
beta[167]	166001	167000
beta[168]	167001	168000
beta[169]	168001	169000
beta[170]	169001	170000
beta[171]	170001	171000
beta[172]	171001	172000
beta[173]	172001	173000
beta[174]	173001	174000
beta[175]	174001	175000
beta[176]	175001	176000
beta[177]	176001	177000
beta[178]	177001	178000
beta[179]	178001	179000
beta[180]	179001	180000
beta[181]	180001	181000
beta[182]	181001	182000
beta[183]	182001	183000
beta[184]	183001	184000
beta[185]	184001	185000
beta[186]	185001	186000
beta[187]	186001	187000
beta[188]	187001	188000
beta[189]	188001	189000
beta[190]	189001	190000
beta[191]	190001	191000
beta[192]	191001	192000
beta[193]	192001	193000
beta[194]	193001	194000
beta[195]	194001	195000
beta[196]	195001	196000
beta[197]	196001	197000
beta[198]	197001	198000
beta[199]	198001	199000
beta[200]	199001	200000
beta[201]	200001	201000
beta[202]	201001	202000
beta[203]	202001	203000
beta[204]	203001	204000
beta[205]	204001	205000
beta[206]	205001	206000
beta[207]	206001	207000
beta[208]	207001	208000
beta[209]	208001	209000
beta[210]	209001	210000
beta[211]	210001	211000
beta[212]	211001	212000
beta[213]	212001	213000
beta[214]	213001	214000
beta[215]	214001	215000
beta[216]	215001	216000
beta[217]	216001	217000
beta[218]	217001	218000
beta[219]	218001	219000
beta[220]	219001	220000
beta[221]	220001	221000
beta[222]	221001	222000
beta[223]	222001	223000
beta[224]	223001	224000
beta[225]	224001	225000
beta[226]	225001	226000
beta[227]	226001	227000
beta[228]	227001	228000
beta[229]	228001	229000
beta[230]	229001	230000
beta[231]	230001	231000
beta[232]	231001	232000
beta[233]	232001	233000
beta[234]	233001	234000
beta[235]	234001	235000
beta[236]	235001	236000
beta[237]	236001	237000
beta[238]	237001	238000
beta[239]	238001	239000
beta[240]	239001	240000
beta[241]	240001	241000
beta[242]	241001	242000
beta[243]	242001	243000
beta[244]	243001	244000
beta[245]	244001	245000
beta[246]	245001	246000
beta[247]	246001	247000
beta[248]	247001	248000
beta[249]	248001	249000
beta[250]	249001	250000
beta[251]	250001	251000
beta[252]	251001	252000
beta[253]	252001	253000
beta[254]	253001	254000
beta[255]	254001	255000
beta[256]	255001	256000
beta[257]	256001	257000
beta[258]	257001	258000
beta[259]	258001	259000
beta[260]	259001	260000
beta[261]	260001	261000
beta[262]	261001	262000
beta[263]	262001	263000
beta[264]	263001	264000
beta[265]	264001	265000
beta[266]	265001	266000
beta[267]	266001	267000
beta[268]	267001	268000
beta[269]	268001	269000
beta[270]	269001	270000
beta[271]	270001	271000
beta[272]	271001	272000
beta[273]	272001	273000
beta[274]	273001	274000
beta[275]	274001	275000
beta[276]	275001	276000
beta[277]	276001	277000
beta[278]	277001	278000
beta[279]	278001	279000
beta[280]	279001	280000
beta[281]	280001	281000
beta[282]	281001	282000
beta[283]	282001	283000
beta[284]	283001	284000
beta[285]	284001	285000
beta[286]	285001	286000
beta[287]	286001	287000
beta[288]	287001	288000
beta[289]	288001	289000
beta[290]	289001	290000
beta[291]	290001	291000
beta[292]	291001	292000
beta[293]	292001	293000
beta[294]	293001	294000
beta[295]	294001	295000
beta[296]	295001	296000
beta[297]	296001	297000
beta[298]	297001	298000
beta[299]	298001	299000
beta[300]	299001	300000
