7000	-0.04115
7008	-0.03515
7016	-0.03958
7024	-0.04207
7032	-0.04963
7040	-0.0504
7048	-0.052
7056	-0.04786
7064	-0.04709
7072	-0.04543
7080	-0.03998
7088	-0.02957
7096	-0.0194
7104	-0.007893
7112	-0.003264
7120	-0.008896
7128	-0.007268
7136	-0.00205
7144	-0.005121
7152	-0.008319
7160	-0.01229
7168	-7.338E-4
7176	-0.001971
7184	0.002642
7192	-0.002331
7200	-0.01166
7208	-0.00423
7216	-0.01489
7224	-0.02077
7232	-0.01919
7240	-0.01654
7248	-0.01628
7256	-0.0147
7264	-0.009442
7272	-0.02237
7280	-0.0291
7288	-0.02928
7296	-0.03484
7304	-0.02167
7312	-0.01287
7320	-0.01995
7328	-0.02778
7336	-0.03048
7344	-0.03897
7352	-0.02559
7360	-0.02928
7368	-0.03188
7376	-0.02317
7384	-0.0196
7392	-0.02214
7400	-0.02578
7408	-0.02421
7416	-0.0329
7424	-0.03332
7432	-0.02826
7440	-0.02215
7448	-0.03178
7456	-0.03658
7464	-0.04389
7472	-0.04557
7480	-0.0499
7488	-0.03482
7496	-0.0336
7504	-0.0362
7512	-0.03127
7520	-0.03694
7528	-0.03602
7536	-0.03426
7544	-0.02842
7552	-0.02971
7560	-0.03261
7568	-0.03884
7576	-0.05172
7584	-0.05286
7592	-0.04551
7600	-0.05036
7608	-0.05024
7616	-0.05231
7624	-0.05404
7632	-0.05339
7640	-0.04828
7648	-0.05338
7656	-0.05721
7664	-0.05266
7672	-0.05038
7680	-0.04962
7688	-0.05065
7696	-0.06192
7704	-0.05612
7712	-0.06173
7720	-0.05006
7728	-0.05228
7736	-0.04364
7744	-0.03492
7752	-0.02855
7760	-0.0288
7768	-0.02162
7776	-0.02492
7784	-0.02439
7792	-0.01937
7800	-0.01343
7808	-0.01947
7816	-0.02871
7824	-0.0326
7832	-0.02679
7840	-0.02058
7848	-0.01044
7856	-0.0163
7864	-0.006148
7872	-0.005469
7880	-0.01123
7888	-0.01156
7896	-0.01924
7904	-0.01578
7912	-0.0126
7920	-0.008054
7928	-0.01581
7936	-0.01206
7944	-0.01068
7952	-0.01593
7960	-0.004883
7968	-0.01641
7976	-0.01796
7984	-0.01959
7992	-0.02396
8000	-0.02384
8008	-0.01984
8016	-0.01262
8024	-0.01402
8032	-0.02813
8040	-0.02149
8048	-0.01269
8056	-0.008323
8064	0.003177
8072	0.002162
8080	7.183E-4
8088	0.001591
8096	-0.002008
8104	0.004995
8112	0.01376
8120	0.02288
8128	0.01584
8136	0.02277
8144	0.01966
8152	0.01396
8160	0.009395
8168	0.0127
8176	0.0127
8184	0.02093
8192	0.01514
8200	0.02573
8208	0.02027
8216	0.01647
8224	0.02088
8232	0.0137
8240	0.01107
8248	0.004747
8256	0.009548
8264	0.02055
8272	0.01975
8280	0.01651
8288	0.02136
8296	0.02324
8304	0.01824
8312	0.0171
8320	0.01006
8328	0.005341
8336	0.0154
8344	0.01958
8352	0.0158
8360	0.01113
8368	0.005052
8376	0.01374
8384	0.01518
8392	0.02165
8400	0.01198
8408	0.0139
8416	0.007465
8424	0.0111
8432	0.01202
8440	0.01766
8448	0.01189
8456	0.01195
8464	0.007744
8472	-0.002446
8480	1.93E-4
8488	-0.001087
8496	-0.009763
8504	-0.01721
8512	-0.02588
8520	-0.0231
8528	-0.02022
8536	-0.0248
8544	-0.03057
8552	-0.03747
8560	-0.03196
8568	-0.04496
8576	-0.04048
8584	-0.0367
8592	-0.03796
8600	-0.04035
8608	-0.02892
8616	-0.02634
8624	-0.0245
8632	-0.02637
8640	-0.02612
8648	-0.02484
8656	-0.01898
8664	-0.01386
8672	-0.01712
8680	-0.01921
8688	-0.008611
8696	-0.02059
8704	-0.02352
8712	-0.03846
8720	-0.03943
8728	-0.0328
8736	-0.02321
8744	-0.01569
8752	-0.01219
8760	-0.02428
8768	-0.01473
8776	-0.01237
8784	-0.009451
8792	4.493E-4
8800	-0.009844
8808	-0.006014
8816	-2.47E-4
8824	-0.01446
8832	-0.01238
8840	-0.009892
8848	0.00144
8856	-0.009123
8864	-1.131E-4
8872	-0.004421
8880	0.009577
8888	0.005657
8896	0.01495
8904	0.01224
8912	0.00313
8920	0.0061
8928	0.01221
8936	0.01325
8944	0.007157
8952	0.008439
8960	0.009452
8968	0.01534
8976	0.01081
8984	0.01023
8992	0.01693
9000	0.007617
9008	0.002497
9016	0.008226
9024	0.01606
9032	0.01078
9040	0.0133
9048	0.01216
9056	0.01555
9064	0.02389
9072	0.02554
9080	0.0239
9088	0.02729
9096	0.02123
9104	0.01428
9112	0.0115
9120	-0.001656
9128	-0.005102
9136	-0.005585
9144	-0.006165
9152	-0.001173
9160	-0.005738
9168	-7.427E-4
9176	-4.864E-4
9184	-0.001471
9192	-0.005776
9200	-0.006862
9208	-0.01232
9216	-0.01709
9224	-0.01033
9232	-0.007504
9240	-8.785E-4
9248	-0.006665
9256	-0.01016
9264	-0.01588
9272	-0.0099
9280	-0.001749
9288	4.241E-5
9296	-0.008167
9304	-0.00287
9312	0.008668
9320	0.00544
9328	-7.273E-4
9336	-0.001521
9344	-0.002794
9352	-0.006741
9360	-0.007027
9368	-0.01694
9376	-0.02117
9384	-0.02024
9392	-0.01348
9400	-0.0199
9408	-0.01533
9416	-0.01038
9424	-0.0123
9432	-0.02271
9440	-0.02104
9448	-0.01427
9456	-0.01283
9464	-0.01859
9472	-0.01516
9480	-0.008282
9488	-0.0118
9496	-0.003639
9504	-0.003564
9512	-0.003758
9520	-0.005158
9528	-0.006274
9536	-0.001757
9544	-0.009265
9552	-0.007444
9560	0.001691
9568	0.01116
9576	1.646E-4
9584	-0.01125
9592	-0.002817
9600	0.006403
9608	-0.003526
9616	-6.28E-4
9624	-0.00316
9632	-0.01794
9640	-0.02404
9648	-0.02512
9656	-0.02825
9664	-0.02437
9672	-0.03762
9680	-0.03306
9688	-0.03056
9696	-0.01539
9704	-0.01774
9712	-0.01225
9720	-0.00278
9728	-0.006721
9736	-0.008879
9744	-0.01061
9752	-0.01349
9760	-0.01678
9768	-0.01784
9776	-0.005433
9784	-0.004386
9792	-0.001348
9800	-0.009874
9808	-0.00905
9816	-0.01245
9824	-0.01111
9832	-0.006915
9840	-0.009997
9848	-0.006476
9856	-0.005766
9864	-0.007562
9872	1.377E-4
9880	-0.001107
9888	-0.00289
9896	-0.003762
9904	0.00623
9912	-0.002965
9920	0.001188
9928	7.806E-5
9936	-0.003354
9944	0.004614
9952	0.01335
9960	0.01524
9968	0.01903
9976	0.01331
9984	0.01513
9992	0.02088
10000	0.02188
10008	0.01963
10016	0.01905
10024	0.02028
10032	0.01055
10040	0.006274
10048	-0.001729
10056	0.009605
10064	0.001175
10072	-0.0123
10080	-0.009257
10088	-0.004146
10096	-0.005534
10104	-0.01553
10112	-0.01771
10120	-0.008003
10128	0.001425
10136	-0.00214
10144	-0.006304
10152	-0.00828
10160	-0.006353
10168	-0.007556
10176	-0.002982
10184	-0.006953
10192	0.002395
10200	-0.0039
10208	-0.001788
10216	-0.00349
10224	0.002424
10232	3.556E-4
10240	-0.001948
10248	-0.01204
10256	-0.02007
10264	-0.02136
10272	-0.02102
10280	-0.0147
10288	-0.01452
10296	-0.01847
10304	-0.0201
10312	-0.005967
10320	0.001135
10328	0.003876
10336	0.005045
10344	0.005926
10352	0.01004
10360	0.004196
10368	0.01179
10376	0.0115
10384	0.009215
10392	0.005923
10400	0.006553
10408	-0.001179
10416	0.002221
10424	1.317E-5
10432	0.004189
10440	-0.004598
10448	-0.006559
10456	-0.004132
10464	-0.009134
10472	-0.00137
10480	0.009942
10488	0.002539
10496	0.00272
10504	0.004265
10512	1.796E-4
10520	0.001106
10528	-0.00714
10536	-0.006505
10544	-0.01035
10552	-0.01548
10560	-0.02221
10568	-0.03164
10576	-0.02387
10584	-0.02059
10592	-0.003663
10600	-0.005294
10608	-0.008303
10616	-0.004326
10624	0.002951
10632	-0.0128
10640	-0.01582
10648	0.001127
10656	-0.001635
10664	-0.008288
10672	0.002293
10680	0.005085
10688	0.01071
10696	0.001742
10704	0.003631
10712	0.005327
10720	-0.003028
10728	-0.004621
10736	-0.006204
10744	-0.008336
10752	-0.001646
10760	-0.01276
10768	-0.01846
10776	-0.0215
10784	-0.0243
10792	-0.03372
10800	-0.03582
10808	-0.03337
10816	-0.03949
10824	-0.03328
10832	-0.02672
10840	-0.02574
10848	-0.02073
10856	-0.01617
10864	-0.03131
10872	-0.01666
10880	-0.02132
10888	-0.02614
10896	-0.02005
10904	-0.01738
10912	-0.02259
10920	-0.01767
10928	-0.02534
10936	-0.02057
10944	-0.02331
10952	-0.03362
10960	-0.02793
10968	-0.03087
10976	-0.02685
10984	-0.03334
10992	-0.04022
11000	-0.04282
11008	-0.03473
11016	-0.0324
11024	-0.03132
11032	-0.04374
11040	-0.04185
11048	-0.04554
11056	-0.04118
11064	-0.04137
11072	-0.03964
11080	-0.04315
11088	-0.04714
11096	-0.03706
11104	-0.03879
11112	-0.03288
11120	-0.02498
11128	-0.02536
11136	-0.0349
11144	-0.02332
11152	-0.02898
11160	-0.02854
11168	-0.03615
11176	-0.03145
11184	-0.04806
11192	-0.05705
11200	-0.04957
11208	-0.05098
11216	-0.04439
11224	-0.0342
11232	-0.03642
11240	-0.02968
11248	-0.01822
11256	-0.006154
11264	1.663E-4
11272	-0.005947
11280	-0.003137
11288	-0.007336
11296	-0.004704
11304	-0.02119
11312	-0.02054
11320	-0.03422
11328	-0.03515
11336	-0.02882
11344	-0.0186
11352	-0.02155
11360	-0.01741
11368	-0.01091
11376	0.002961
11384	-0.001074
11392	0.01039
11400	0.01426
11408	0.01816
11416	0.01744
11424	0.01349
11432	0.02079
11440	0.02683
11448	0.01762
11456	0.021
11464	0.02821
11472	0.02786
11480	0.02326
11488	0.01419
11496	0.01686
11504	0.01356
11512	0.006874
11520	0.002569
11528	0.00329
11536	0.01023
11544	0.02036
11552	0.0195
11560	0.02188
11568	0.02838
11576	0.02754
11584	0.02101
11592	0.02331
11600	0.01608
11608	0.0122
11616	0.0137
11624	0.02299
11632	0.02668
11640	0.0283
11648	0.01475
11656	0.01848
11664	0.01176
11672	-0.002247
11680	-0.001129
11688	-0.008899
11696	-0.002798
11704	-0.01029
11712	-7.965E-4
11720	-0.00327
11728	-0.009053
11736	-0.01408
11744	-0.004693
11752	-0.01401
11760	-0.02374
11768	-0.01659
11776	-0.02182
11784	-0.01394
11792	-0.01823
11800	-0.0243
11808	-0.02534
11816	-0.02765
11824	-0.02425
11832	-0.02937
11840	-0.03246
11848	-0.02792
11856	-0.03878
11864	-0.04115
11872	-0.04538
11880	-0.03768
11888	-0.03984
11896	-0.03675
11904	-0.01305
11912	-0.0177
11920	-0.008725
11928	-0.01227
11936	-0.008918
11944	0.004862
11952	-0.002235
11960	-0.004372
11968	0.004692
11976	0.002647
11984	0.01208
11992	0.01719
12000	0.01786
12008	0.01026
12016	0.01519
12024	0.01518
12032	0.01737
12040	0.01852
12048	0.008606
12056	0.009308
12064	-0.002616
12072	0.002187
12080	0.005159
12088	0.008043
12096	0.01723
12104	0.01019
12112	-0.001052
12120	-0.001973
12128	-4.68E-4
12136	-0.005944
12144	-0.00593
12152	0.001604
12160	-0.007934
12168	-0.006288
12176	4.934E-4
12184	0.00264
12192	9.652E-4
12200	-0.001732
12208	-0.007128
12216	-0.002591
12224	-0.01194
12232	-0.0103
12240	-0.006229
12248	-0.007375
12256	-0.02816
12264	-0.02809
12272	-0.02908
12280	-0.03153
12288	-0.03151
12296	-0.02501
12304	-0.02437
12312	-0.01409
12320	-0.01619
12328	-0.0109
12336	-0.01691
12344	-0.01679
12352	-0.008142
12360	-0.01487
12368	-0.01177
12376	-0.03016
12384	-0.04268
12392	-0.03722
12400	-0.03642
12408	-0.02274
12416	-0.01033
12424	-0.008675
12432	-0.0129
12440	-0.01945
12448	-0.01848
12456	-0.006078
12464	-9.73E-4
12472	0.005315
12480	0.01252
12488	0.01901
12496	0.01307
12504	0.01156
12512	0.02245
12520	0.02974
12528	0.03735
12536	0.02938
12544	0.03421
12552	0.04457
12560	0.04329
12568	0.05401
12576	0.05449
12584	0.05166
12592	0.04987
12600	0.0423
12608	0.0471
12616	0.03949
12624	0.03299
12632	0.0251
12640	0.01569
12648	0.01361
12656	0.01254
12664	0.0127
12672	0.0199
12680	0.01335
12688	0.01903
12696	0.01592
12704	0.02664
12712	0.01971
12720	0.01277
12728	0.007476
12736	0.01047
12744	-0.004702
12752	0.002511
12760	0.005438
12768	6.754E-4
12776	3.527E-4
12784	0.00382
12792	-0.01113
12800	-0.008097
12808	0.004671
12816	-0.008176
12824	-0.002109
12832	-0.007285
12840	-0.01423
12848	-0.01795
12856	-0.02243
12864	-0.02652
12872	-0.01754
12880	-0.02234
12888	-0.02033
12896	-0.01405
12904	-0.01416
12912	-0.009763
12920	-0.004543
12928	-0.001634
12936	-0.004817
12944	-2.603E-4
12952	0.003436
12960	0.01234
12968	0.006287
12976	-0.002647
12984	-0.01165
12992	-0.007193
13000	-0.001853
13008	-0.01986
13016	-0.02302
13024	-0.02004
13032	-0.009849
13040	-0.007388
13048	-0.01015
13056	-0.007554
13064	-0.00933
13072	-0.01441
13080	-0.01834
13088	-0.0222
13096	-0.02778
13104	-0.02466
13112	-0.02928
13120	-0.03322
13128	-0.03856
13136	-0.03971
13144	-0.04281
13152	-0.04106
13160	-0.03924
13168	-0.03791
13176	-0.04164
13184	-0.03735
13192	-0.0497
13200	-0.05609
13208	-0.05194
13216	-0.04078
13224	-0.02889
13232	-0.02388
13240	-0.01325
13248	-0.0148
13256	-0.01123
13264	-0.01022
13272	-0.009398
13280	-0.006619
13288	-0.005227
13296	-0.00567
13304	-0.008
13312	-0.01167
13320	-0.01248
13328	-0.02177
13336	-0.0292
13344	-0.04283
13352	-0.04646
13360	-0.04785
13368	-0.05104
13376	-0.05476
13384	-0.05211
13392	-0.04771
13400	-0.0489
13408	-0.05159
13416	-0.05103
13424	-0.05158
13432	-0.04749
13440	-0.05283
13448	-0.0459
13456	-0.04221
13464	-0.03425
13472	-0.03548
13480	-0.03318
13488	-0.04152
13496	-0.03461
13504	-0.02783
13512	-0.03355
13520	-0.0385
13528	-0.0298
13536	-0.028
13544	-0.02347
13552	-0.02969
13560	-0.0251
13568	-0.02443
13576	-0.01673
13584	-0.00942
13592	-0.008992
13600	-0.01297
13608	-0.003406
13616	0.002093
13624	0.00492
13632	0.001272
13640	0.005265
13648	0.002315
13656	-8.726E-4
13664	-2.308E-4
13672	-0.004188
13680	-0.008055
13688	-0.01399
13696	-0.008541
13704	-0.00558
13712	-0.006951
13720	-0.004418
13728	-0.006052
13736	-0.008529
13744	-0.008588
13752	-0.009575
13760	-0.01542
13768	-0.003133
13776	-0.006636
13784	0.003543
13792	0.009305
13800	-0.00178
13808	0.002396
13816	9.907E-4
13824	-0.003534
13832	-0.01327
13840	-0.01851
13848	-0.01823
13856	-0.009577
13864	-0.01507
13872	-0.02573
13880	-0.03037
13888	-0.03442
13896	-0.0314
13904	-0.04072
13912	-0.04652
13920	-0.03873
13928	-0.03524
13936	-0.0369
13944	-0.03058
13952	-0.03647
13960	-0.04242
13968	-0.05481
13976	-0.04766
13984	-0.03861
13992	-0.05303
14000	-0.05009
14008	-0.04014
14016	-0.04199
14024	-0.03613
14032	-0.02391
14040	-0.01643
14048	-0.01435
14056	-0.006815
14064	-0.007137
14072	-0.008761
14080	-0.009048
14088	-0.008545
14096	-0.02418
14104	-0.02587
14112	-0.02239
14120	-0.03173
14128	-0.03387
14136	-0.02698
14144	-0.02406
14152	-0.02258
14160	-0.0252
14168	-0.02919
14176	-0.02362
14184	-0.01815
14192	-0.01172
14200	-0.0113
14208	3.65E-4
14216	-0.00124
14224	0.009096
14232	0.005907
14240	0.01525
14248	0.01377
14256	0.006971
14264	0.007009
14272	0.01403
14280	0.01869
14288	0.006041
14296	0.007457
14304	0.009227
14312	0.009695
14320	0.01963
14328	0.0206
14336	0.02248
14344	0.00398
14352	0.006804
14360	0.0107
14368	0.007405
14376	0.0123
14384	0.003533
14392	0.01339
14400	0.01452
14408	0.00656
14416	0.006434
14424	0.01128
14432	0.02002
14440	0.01673
14448	0.0148
14456	0.02683
14464	0.03352
14472	0.03262
14480	0.03443
14488	0.03787
14496	0.02755
14504	0.03522
14512	0.02944
14520	0.03151
14528	0.03376
14536	0.04571
14544	0.05259
14552	0.04399
14560	0.0417
14568	0.0537
14576	0.06346
14584	0.06011
14592	0.0627
14600	0.05949
14608	0.05974
14616	0.0529
14624	0.05132
14632	0.04934
14640	0.05006
14648	0.05125
14656	0.05497
14664	0.05431
14672	0.05735
14680	0.0493
14688	0.04946
14696	0.05221
14704	0.05689
14712	0.0563
14720	0.05001
14728	0.04746
14736	0.05255
14744	0.05399
14752	0.04298
14760	0.04666
14768	0.03797
14776	0.03521
14784	0.03342
14792	0.03367
14800	0.02674
14808	0.03055
14816	0.03463
14824	0.03254
14832	0.02913
14840	0.04228
14848	0.03832
14856	0.03259
14864	0.03957
14872	0.03084
14880	0.02238
14888	0.01675
14896	0.02478
14904	0.02193
14912	0.0177
14920	0.02313
14928	0.02553
14936	0.02598
14944	0.01855
14952	0.01567
14960	0.0155
14968	0.009068
14976	-0.001346
14984	-0.002697
14992	0.007713
7000	-0.009322
7008	-0.01447
7016	-0.01236
7024	-0.01257
7032	-0.01898
7040	-0.02072
7048	-0.01564
7056	-0.01673
7064	-0.01775
7072	-0.02004
7080	-0.01613
7088	-0.02482
7096	-0.02907
7104	-0.02263
7112	-0.02535
7120	-0.0198
7128	-0.02121
7136	-0.02291
7144	-0.02258
7152	-0.02002
7160	-0.01763
7168	-0.0126
7176	-0.02797
7184	-0.02561
7192	-0.01867
7200	-0.02016
7208	-0.02379
7216	-0.01564
7224	-0.01041
7232	-0.01458
7240	-0.01376
7248	-0.01769
7256	-0.0219
7264	-0.02084
7272	-0.02168
7280	-0.01033
7288	-0.01137
7296	-0.01097
7304	-0.0123
7312	-0.01641
7320	-0.01969
7328	-0.00711
7336	-0.009511
7344	-0.003291
7352	-0.01905
7360	-0.01454
7368	-0.02218
7376	-0.02194
7384	-0.02039
7392	-0.01942
7400	-0.01789
7408	-0.01177
7416	-0.01153
7424	-0.009256
7432	-0.01806
7440	-0.02463
7448	-0.02547
7456	-0.02103
7464	-0.02193
7472	-0.01367
7480	-0.01478
7488	-0.01838
7496	-0.02349
7504	-0.0118
7512	-0.01647
7520	-0.009205
7528	-0.02059
7536	-0.02632
7544	-0.01939
7552	-0.02592
7560	-0.01774
7568	-0.01601
7576	-0.009131
7584	-0.01118
7592	-0.02232
7600	-0.02421
7608	-0.01767
7616	-0.01785
7624	-0.01165
7632	-0.02119
7640	-0.02505
7648	-0.02137
7656	-0.01771
7664	-0.01031
7672	-0.01718
7680	-0.02242
7688	-0.0155
7696	-0.01329
7704	-0.008773
7712	-0.01632
7720	-0.02174
7728	-0.02204
7736	-0.02497
7744	-0.02454
7752	-0.02745
7760	-0.01996
7768	-0.02486
7776	-0.01422
7784	-0.01421
7792	-0.01701
7800	-0.02227
7808	-0.01589
7816	-0.00981
7824	-0.01045
7832	-0.01997
7840	-0.01484
7848	-0.02004
7856	-0.01527
7864	-0.01302
7872	-0.02203
7880	-0.02001
7888	-0.01377
7896	-0.0112
7904	-0.01611
7912	-0.01737
7920	-0.02251
7928	-0.01459
7936	-0.01434
7944	-0.01639
7952	-0.01061
7960	-0.01463
7968	-0.008079
7976	-0.01665
7984	-0.01566
7992	-0.01794
8000	-0.0114
8008	-0.01442
8016	-0.01946
8024	-0.01551
8032	-0.006402
8040	-0.002698
8048	-0.01943
8056	-0.01835
8064	-0.02279
8072	-0.02153
8080	-0.02185
8088	-0.01424
8096	-0.01348
8104	-0.01804
8112	-0.02212
8120	-0.02305
8128	-0.01439
8136	-0.01985
8144	-0.02028
8152	-0.019
8160	-0.01142
8168	-0.01072
8176	-0.01664
8184	-0.0167
8192	-0.01217
8200	-0.01715
8208	-0.01579
8216	-0.0115
8224	-0.01922
8232	-0.008161
8240	-0.01297
8248	-0.009575
8256	-0.01824
8264	-0.01912
8272	-0.0242
8280	-0.01555
8288	-0.0185
8296	-0.01807
8304	-0.01419
8312	-0.01185
8320	-0.006076
8328	-0.006495
8336	-0.01813
8344	-0.01592
8352	-0.007742
8360	-0.01771
8368	-0.0164
8376	-0.01593
8384	-0.02483
8392	-0.02142
8400	-0.01019
8408	-0.01154
8416	-0.01284
8424	-0.01098
8432	-0.02168
8440	-0.01958
8448	-0.02048
8456	-0.01859
8464	-0.01512
8472	-0.01268
8480	-0.01416
8488	-0.0175
8496	-0.01555
8504	-0.01196
8512	-0.01209
8520	-0.02009
8528	-0.01869
8536	-0.01711
8544	-0.00504
8552	-0.004079
8560	-0.008754
8568	-0.006595
8576	-0.007117
8584	-0.01928
8592	-0.02286
8600	-0.01591
8608	-0.0219
8616	-0.01628
8624	-0.01897
8632	-0.01838
8640	-0.02083
8648	-0.02661
8656	-0.02475
8664	-0.01895
8672	-0.02084
8680	-0.01443
8688	-0.01744
8696	-0.01401
8704	-0.007109
8712	-0.006333
8720	-0.0231
8728	-0.0209
8736	-0.02202
8744	-0.02761
8752	-0.02704
8760	-0.01486
8768	-0.02238
8776	-0.02288
8784	-0.009856
8792	-0.0185
8800	-0.01119
8808	-0.01752
8816	-0.02369
8824	-0.01741
8832	-0.02195
8840	-0.01864
8848	-0.0244
8856	-0.01464
8864	-0.02936
8872	-0.02239
8880	-0.02321
8888	-0.01711
8896	-0.02671
8904	-0.03418
8912	-0.02635
8920	-0.02505
8928	-0.02162
8936	-0.01925
8944	-0.01929
8952	-0.01994
8960	-0.01708
8968	-0.01985
8976	-0.02569
8984	-0.02465
8992	-0.03049
9000	-0.02456
9008	-0.01859
9016	-0.01854
9024	-0.01969
9032	-0.0131
9040	-0.01666
9048	-0.01652
9056	-0.01609
9064	-0.01564
9072	-0.01954
9080	-0.01275
9088	-0.0184
9096	-0.01767
9104	-0.01441
9112	-0.007946
9120	-0.006583
9128	-0.00803
9136	-0.01354
9144	-0.01832
9152	-0.01713
9160	-0.01575
9168	-0.02154
9176	-0.01167
9184	-0.009711
9192	-0.01021
9200	-0.007243
9208	-0.01346
9216	-0.01757
9224	-0.02061
9232	-0.02065
9240	-0.0231
9248	-0.02884
9256	-0.02433
9264	-0.02003
9272	-0.01971
9280	-0.02142
9288	-0.02439
9296	-0.01696
9304	-0.02182
9312	-0.02466
9320	-0.02599
9328	-0.01937
9336	-0.01899
9344	-0.01383
9352	-0.007799
9360	-0.01187
9368	-0.008367
9376	-0.01448
9384	-0.02116
9392	-0.01663
9400	-0.01499
9408	-0.02489
9416	-0.02404
9424	-0.02725
9432	-0.02627
9440	-0.02028
9448	-0.02086
9456	-0.01938
9464	-0.01776
9472	-0.01749
9480	-0.02019
9488	-0.01897
9496	-0.01462
9504	-0.02333
9512	-0.009327
9520	-0.00792
9528	-0.005498
9536	-0.007778
9544	-0.006011
9552	-0.0105
9560	-0.01863
9568	-0.02043
9576	-0.01137
9584	-0.01203
9592	-0.01526
9600	-0.01033
9608	-0.01144
9616	-0.01676
9624	-0.01206
9632	-0.009218
9640	-0.01242
9648	-0.01356
9656	-0.01868
9664	-0.01952
9672	-0.02328
9680	-0.02169
9688	-0.0245
9696	-0.03481
9704	-0.02348
9712	-0.01607
9720	-0.02502
9728	-0.01673
9736	-0.01573
9744	-0.01907
9752	-0.01145
9760	-0.02325
9768	-0.02166
9776	-0.023
9784	-0.02559
9792	-0.02068
9800	-0.02251
9808	-0.01611
9816	-0.006542
9824	-0.01566
9832	-0.0135
9840	-0.01552
9848	-0.01293
9856	-0.01192
9864	-0.01458
9872	-0.01343
9880	-0.01794
9888	-0.02609
9896	-0.02447
9904	-0.0209
9912	-0.01733
9920	-0.02481
9928	-0.02517
9936	-0.01326
9944	-0.01821
9952	-0.02719
9960	-0.02275
9968	-0.008833
9976	-0.01587
9984	-0.01157
9992	-0.01238
10000	-0.01796
10008	-0.01317
10016	-0.01025
10024	-0.01741
10032	-0.01748
10040	-0.01748
10048	-0.01786
10056	-0.02069
10064	-0.01639
10072	-0.0141
10080	-0.02204
10088	-0.02158
10096	-0.01993
10104	-0.01199
10112	-0.009579
10120	-0.01994
10128	-0.02052
10136	-0.008099
10144	-0.01259
10152	-0.01229
10160	-0.0152
10168	-0.01443
10176	-0.02198
10184	-0.02184
10192	-0.02972
10200	-0.0199
10208	-0.02058
10216	-0.02088
10224	-0.02733
10232	-0.02286
10240	-0.01568
10248	-0.00931
10256	-0.008536
10264	-0.01437
10272	-0.01709
10280	-0.01756
10288	-0.018
10296	-0.01864
10304	-0.02138
10312	-0.03185
10320	-0.02942
10328	-0.02115
10336	-0.02378
10344	-0.0214
10352	-0.02146
10360	-0.01084
10368	-0.017
10376	-0.01739
10384	-0.01188
10392	-0.005648
10400	-0.01772
10408	-0.01706
10416	-0.01521
10424	-0.01562
10432	-0.01551
10440	-0.01461
10448	-0.01711
10456	-0.02005
10464	-0.01772
10472	-0.02578
10480	-0.02661
10488	-0.02157
10496	-0.02011
10504	-0.01559
10512	-0.01325
10520	-0.02424
10528	-0.02277
10536	-0.01942
10544	-0.01725
10552	-0.02016
10560	-0.0191
10568	-0.01993
10576	-0.01858
10584	-0.02659
10592	-0.02397
10600	-0.01822
10608	-0.01676
10616	-0.01451
10624	-0.01314
10632	-0.002131
10640	-0.006927
10648	-0.01489
10656	-0.01677
10664	-0.01769
10672	-0.02267
10680	-0.02638
10688	-0.02208
10696	-0.01576
10704	-0.01707
10712	-0.01693
10720	-0.01123
10728	-0.01122
10736	-0.01141
10744	-0.01695
10752	-0.01922
10760	-0.01327
10768	-0.02227
10776	-0.02236
10784	-0.01969
10792	-0.009657
10800	-0.01575
10808	-0.01729
10816	-0.01189
10824	-0.01388
10832	-0.01884
10840	-0.023
10848	-0.02425
10856	-0.02813
10864	-0.0166
10872	-0.02231
10880	-0.0116
10888	-0.01509
10896	-0.02387
10904	-0.01734
10912	-0.0106
10920	-0.01652
10928	-0.02022
10936	-0.01661
10944	-0.02686
10952	-0.02074
10960	-0.01634
10968	-0.01519
10976	-0.01528
10984	-0.009193
10992	-0.01043
11000	-0.01119
11008	-0.02516
11016	-0.01716
11024	-0.0135
11032	-0.006621
11040	-0.01364
11048	-0.02494
11056	-0.02435
11064	-0.01424
11072	-0.01089
11080	-0.005738
11088	-0.01222
11096	-0.01663
11104	-0.01679
11112	-0.02336
11120	-0.02983
11128	-0.02487
11136	-0.01429
11144	-0.02498
11152	-0.02638
11160	-0.02085
11168	-0.02003
11176	-0.02705
11184	-0.01472
11192	-0.005722
11200	-0.01008
11208	-0.01862
11216	-0.0259
11224	-0.02891
11232	-0.03363
11240	-0.02741
11248	-0.02305
11256	-0.02185
11264	-0.01701
11272	-0.02508
11280	-0.02332
11288	-0.02845
11296	-0.03194
11304	-0.01859
11312	-0.0245
11320	-0.02388
11328	-0.02386
11336	-0.02347
11344	-0.02235
11352	-0.02115
11360	-0.02152
11368	-0.01456
11376	-0.0198
11384	-0.02876
11392	-0.028
11400	-0.02012
11408	-0.02564
11416	-0.02913
11424	-0.01919
11432	-0.01815
11440	-0.01827
11448	-0.01754
11456	-0.01639
11464	-0.01524
11472	-0.02517
11480	-0.02507
11488	-0.01734
11496	-0.01785
11504	-0.02632
11512	-0.02391
11520	-0.0201
11528	-0.02454
11536	-0.02453
11544	-0.02272
11552	-0.01677
11560	-0.02629
11568	-0.02282
11576	-0.01417
11584	-0.01628
11592	-0.01629
11600	-0.005511
11608	-0.003746
11616	-0.003331
11624	-0.01043
11632	-0.01324
11640	-0.02077
11648	-0.01681
11656	-0.0203
11664	-0.02006
11672	-0.0109
11680	-0.01706
11688	-0.01398
11696	-0.01392
11704	-0.007808
11712	-0.01525
11720	-0.01663
11728	-0.01559
11736	-0.01837
11744	-0.03123
11752	-0.02521
11760	-0.01693
11768	-0.01624
11776	-0.008478
11784	-0.01542
11792	-0.01235
11800	-0.01197
11808	-0.01019
11816	-0.01157
11824	-0.01227
11832	-0.004
11840	-0.009348
11848	-0.01084
11856	-0.008453
11864	-0.009573
11872	-0.01535
11880	-0.01776
11888	-0.01644
11896	-0.02133
11904	-0.02917
11912	-0.01948
11920	-0.02128
11928	-0.01688
11936	-0.01885
11944	-0.01958
11952	-0.02016
11960	-0.02457
11968	-0.02868
11976	-0.01945
11984	-0.02881
11992	-0.03227
12000	-0.02122
12008	-0.009055
12016	-0.01576
12024	-0.01805
12032	-0.02118
12040	-0.02253
12048	-0.01456
12056	-0.01312
12064	-0.01015
12072	-0.0143
12080	-0.02053
12088	-0.01583
12096	-0.02526
12104	-0.01421
12112	-0.01335
12120	-0.0197
12128	-0.02737
12136	-0.02407
12144	-0.02017
12152	-0.01686
12160	-0.01005
12168	-0.01425
12176	-0.01757
12184	-0.0151
12192	-0.00801
12200	-0.0146
12208	-0.01239
12216	-0.01038
12224	-0.01382
12232	-0.02273
12240	-0.01929
12248	-0.01491
12256	-0.002858
12264	0.002769
12272	-0.004742
12280	-0.008219
12288	-0.01178
12296	-0.01322
12304	-0.01267
12312	-0.0144
12320	-0.009173
12328	-0.0138
12336	-0.01861
12344	-0.01551
12352	-0.01672
12360	-0.00919
12368	-0.01584
12376	-0.006223
12384	-3.866E-4
12392	-0.005328
12400	-0.009717
12408	-0.01554
12416	-0.02622
12424	-0.02024
12432	-0.01899
12440	-0.01682
12448	-0.009358
12456	-0.01481
12464	-0.01969
12472	-0.01988
12480	-0.02155
12488	-0.02478
12496	-0.02281
12504	-0.01606
12512	-0.01257
12520	-0.02005
12528	-0.02305
12536	-0.01336
12544	-0.0096
12552	-0.007532
12560	-0.01077
12568	-0.01187
12576	-0.01055
12584	-0.01357
12592	-0.01132
12600	-0.009321
12608	-0.01139
12616	-0.01616
12624	-0.01152
12632	-0.01002
12640	7.314E-5
12648	-0.007665
12656	-0.01221
12664	-0.01427
12672	-0.01373
12680	-0.01649
12688	-0.015
12696	-0.01339
12704	-0.01521
12712	-0.008928
12720	-0.009351
12728	-0.01123
12736	-0.01685
12744	-0.01169
12752	-0.01445
12760	-0.02104
12768	-0.01866
12776	-0.01749
12784	-0.0201
12792	-0.01416
12800	-0.01301
12808	-0.01364
12816	-0.01439
12824	-0.01856
12832	-0.01573
12840	-0.01312
12848	-0.007524
12856	-0.008674
12864	-0.007164
12872	-0.0126
12880	-0.01808
12888	-0.0206
12896	-0.02593
12904	-0.02884
12912	-0.02544
12920	-0.02266
12928	-0.02508
12936	-0.02022
12944	-0.02149
12952	-0.02493
12960	-0.02611
12968	-0.0279
12976	-0.01198
12984	-0.01509
12992	-0.01625
13000	-0.01669
13008	-0.009833
13016	-0.008163
13024	-0.008864
13032	-0.005711
13040	-0.01335
13048	-0.008905
13056	-0.01236
13064	-0.01342
13072	-0.007253
13080	-0.01325
13088	-0.01473
13096	-0.008973
13104	-0.01562
13112	-0.01941
13120	-0.01343
13128	-0.009419
13136	0.002391
13144	-0.0116
13152	-0.01383
13160	-0.01954
13168	-0.01255
13176	-0.01363
13184	-0.01402
13192	-0.004817
13200	-0.01294
13208	-0.02133
13216	-0.02085
13224	-0.01668
13232	-0.01677
13240	-0.02009
13248	-0.02307
13256	-0.02608
13264	-0.01507
13272	-0.02158
13280	-0.00912
13288	-0.007666
13296	-0.01419
13304	-0.01731
13312	-0.01167
13320	-0.01292
13328	-0.01364
13336	-0.008619
13344	-0.01327
13352	-0.01698
13360	-0.01317
13368	-0.01255
13376	-0.01083
13384	-0.01457
13392	-0.01445
13400	-0.004067
13408	-0.01962
13416	-0.01662
13424	-0.01907
13432	-0.01615
13440	-0.01617
13448	-0.01468
13456	-0.01849
13464	-0.03175
13472	-0.03288
13480	-0.0308
13488	-0.01976
13496	-0.02697
13504	-0.02418
13512	-0.01153
13520	-0.01087
13528	-0.01439
13536	-0.01299
13544	-0.01959
13552	-0.01469
13560	-0.01775
13568	-0.02016
13576	-0.01867
13584	-0.02489
13592	-0.0128
13600	-0.01037
13608	-0.01312
13616	-0.02114
13624	-0.0235
13632	-0.02608
13640	-0.02755
13648	-0.02756
13656	-0.03063
13664	-0.02857
13672	-0.02581
13680	-0.01775
13688	-0.01701
13696	-0.01405
13704	-0.01768
13712	-0.01587
13720	-0.01715
13728	-0.01341
13736	-0.01583
13744	-0.01989
13752	-0.01103
13760	-0.008012
13768	-0.01417
13776	-0.009331
13784	-0.01574
13792	-0.02137
13800	-0.01151
13808	-0.02561
13816	-0.018
13824	-0.02192
13832	-0.01801
13840	-0.01482
13848	-0.008378
13856	-0.01846
13864	-0.01045
13872	-0.01004
13880	-0.01037
13888	-0.007684
13896	-0.01157
13904	-0.007923
13912	-0.001596
13920	-0.01576
13928	-0.01122
13936	-0.01226
13944	-0.02124
13952	-0.0171
13960	-0.009371
13968	-0.00805
13976	-0.008019
13984	-0.00821
13992	-0.008654
14000	-0.01165
14008	-0.01499
14016	-0.02225
14024	-0.02211
14032	-0.02598
14040	-0.03004
14048	-0.02384
14056	-0.02412
14064	-0.01697
14072	-0.01152
14080	-0.01514
14088	-0.01848
14096	-0.012
14104	-0.01791
14112	-0.01486
14120	-0.02202
14128	-0.02493
14136	-0.01294
14144	-0.01614
14152	-0.01506
14160	-0.01846
14168	-0.01784
14176	-0.02226
14184	-0.02776
14192	-0.02659
14200	-0.02599
14208	-0.03177
14216	-0.02447
14224	-0.02335
14232	-0.02179
14240	-0.02386
14248	-0.01792
14256	-0.01873
14264	-0.01706
14272	-0.01321
14280	-0.0177
14288	-0.01824
14296	-0.01901
14304	-0.01986
14312	-0.01264
14320	-0.01636
14328	-0.02605
14336	-0.01808
14344	-0.00882
14352	-0.01652
14360	-0.01694
14368	-0.01821
14376	-0.02013
14384	-0.02046
14392	-0.0195
14400	-0.02635
14408	-0.01528
14416	-0.01496
14424	-0.01935
14432	-0.01998
14440	-0.01348
14448	-0.01826
14456	-0.02784
14464	-0.02097
14472	-0.02324
14480	-0.01898
14488	-0.02578
14496	-0.01831
14504	-0.01925
14512	-0.01209
14520	-0.01972
14528	-0.01551
14536	-0.0192
14544	-0.02249
14552	-0.02626
14560	-0.02406
14568	-0.02169
14576	-0.02094
14584	-0.01017
14592	-0.01477
14600	-0.01599
14608	-0.01281
14616	-0.01092
14624	-0.01755
14632	-0.009623
14640	-0.009279
14648	-0.008831
14656	-0.01706
14664	-0.01501
14672	-0.01668
14680	-0.01525
14688	-0.01747
14696	-0.01754
14704	-0.02536
14712	-0.02683
14720	-0.01975
14728	-0.01534
14736	-0.02017
14744	-0.02032
14752	-0.004041
14760	-0.009946
14768	-0.009243
14776	-0.0147
14784	-0.02164
14792	-0.01638
14800	-0.01143
14808	-0.00846
14816	-0.004606
14824	-0.006827
14832	-0.004854
14840	-0.01297
14848	-0.0121
14856	-0.01206
14864	-0.01455
14872	-0.01107
14880	-0.009126
14888	-0.01573
14896	-0.0216
14904	-0.01781
14912	-0.009928
14920	-0.01381
14928	-0.017
14936	-0.0137
14944	-0.006839
14952	-0.01414
14960	-0.01318
14968	-0.0153
14976	-0.01276
14984	-0.01363
14992	-0.0213
7000	-0.05105
7008	-0.05098
7016	-0.004527
7024	-0.04281
7032	-0.005081
7040	-0.04363
7048	-0.07261
7056	-0.07848
7064	0.02908
7072	0.003014
7080	0.0416
7088	0.03057
7096	0.05563
7104	-0.09144
7112	-0.1579
7120	-0.2292
7128	-0.2042
7136	-0.1785
7144	-0.1433
7152	-0.1632
7160	-0.1014
7168	-0.1354
7176	-0.01311
7184	-0.03408
7192	-0.0812
7200	-0.06879
7208	-0.02941
7216	-0.04676
7224	0.04496
7232	0.161
7240	0.06683
7248	0.07586
7256	0.08981
7264	0.1278
7272	0.165
7280	0.1314
7288	0.1589
7296	0.2157
7304	0.1394
7312	0.1627
7320	0.02316
7328	0.05663
7336	0.003689
7344	0.01295
7352	0.01958
7360	0.02657
7368	0.1202
7376	0.007911
7384	-0.0545
7392	-0.06846
7400	-0.02548
7408	0.03402
7416	0.005527
7424	0.0754
7432	0.0988
7440	0.194
7448	0.2225
7456	0.2267
7464	0.1616
7472	-0.1304
7480	0.01033
7488	0.03352
7496	0.06986
7504	0.0202
7512	-0.02686
7520	-0.05107
7528	0.06105
7536	0.1793
7544	6.505E-4
7552	0.08639
7560	-0.00125
7568	0.05647
7576	-0.03164
7584	0.01619
7592	0.1096
7600	0.1667
7608	0.1419
7616	-0.0266
7624	-0.07684
7632	0.04456
7640	0.05353
7648	-0.05754
7656	-0.04712
7664	-0.184
7672	-0.1935
7680	-0.08292
7688	-0.1745
7696	-0.1773
7704	-0.2069
7712	-0.1519
7720	-0.09932
7728	-0.08043
7736	-0.1242
7744	-0.1201
7752	-0.1031
7760	-0.04574
7768	-0.007428
7776	-0.1264
7784	-0.1021
7792	-0.06906
7800	-0.02825
7808	-0.05582
7816	-0.1278
7824	-0.03453
7832	-0.05276
7840	-0.07163
7848	-0.07328
7856	-0.181
7864	-0.3309
7872	-0.1655
7880	-0.06426
7888	-0.24
7896	-0.1357
7904	-0.1429
7912	-0.1233
7920	-0.06386
7928	0.02767
7936	0.002436
7944	-0.09011
7952	-0.02839
7960	-0.02238
7968	0.02693
7976	0.07614
7984	0.008697
7992	-0.001649
8000	-0.1427
8008	-0.1375
8016	-0.2373
8024	-0.314
8032	-0.2578
8040	-0.2036
8048	-0.01584
8056	-0.1854
8064	-0.1461
8072	-0.103
8080	-0.06444
8088	-0.1525
8096	-0.1303
8104	-0.02906
8112	-0.002972
8120	-0.09431
8128	-0.1175
8136	-0.08252
8144	-0.0745
8152	-0.06345
8160	-0.1049
8168	-0.03502
8176	0.03553
8184	-0.06526
8192	-0.02865
8200	-0.04107
8208	-0.07223
8216	-0.08415
8224	0.055
8232	0.06736
8240	0.1443
8248	0.0755
8256	0.1364
8264	0.0259
8272	0.02355
8280	-0.0236
8288	0.002349
8296	-0.03388
8304	0.00434
8312	-0.01694
8320	-0.06813
8328	0.01472
8336	0.08026
8344	-0.03692
8352	-0.1631
8360	-0.02639
8368	-0.0332
8376	-0.03898
8384	-0.02771
8392	-0.03456
8400	-0.1
8408	-0.06833
8416	-0.04261
8424	-0.1665
8432	-0.1554
8440	-0.1576
8448	-0.2293
8456	-0.1481
8464	-0.1231
8472	-0.1366
8480	-0.1835
8488	-0.09292
8496	-0.2203
8504	-0.1492
8512	-0.06529
8520	-0.05939
8528	-0.05284
8536	-0.02783
8544	-0.07504
8552	-0.07076
8560	0.02726
8568	0.109
8576	0.01186
8584	0.2217
8592	0.1594
8600	0.1281
8608	0.09628
8616	-0.05307
8624	-0.0145
8632	-0.06763
8640	-5.592E-4
8648	-0.02259
8656	-0.091
8664	-0.09982
8672	-0.095
8680	-0.1723
8688	-0.1342
8696	-0.1181
8704	-0.05248
8712	0.09696
8720	0.176
8728	0.1042
8736	0.09385
8744	0.09133
8752	0.1301
8760	0.01686
8768	-0.01665
8776	-0.006805
8784	-0.1654
8792	-0.02104
8800	0.02318
8808	0.05151
8816	-0.04898
8824	-0.05333
8832	0.04126
8840	-0.07206
8848	0.0327
8856	-0.02985
8864	0.07182
8872	0.02859
8880	-0.001143
8888	-0.06191
8896	-0.07362
8904	-0.02719
8912	-0.03677
8920	-0.1078
8928	-0.2037
8936	-0.199
8944	-0.07613
8952	-0.1034
8960	-0.1185
8968	-0.1317
8976	-0.012
8984	-0.1426
8992	-0.04619
9000	-0.1192
9008	-0.1249
9016	-0.1502
9024	-0.1162
9032	-0.05611
9040	-0.03265
9048	-0.1037
9056	-0.07832
9064	-0.1727
9072	-0.279
9080	-0.2321
9088	-0.1724
9096	-0.01384
9104	-0.04217
9112	-0.08694
9120	-0.02963
9128	-0.04052
9136	0.04541
9144	0.06909
9152	0.008762
9160	-0.02184
9168	-0.01484
9176	0.006
9184	-0.02247
9192	0.14
9200	0.02453
9208	0.06194
9216	0.04835
9224	-0.004407
9232	-0.02362
9240	-0.07644
9248	0.05133
9256	0.0887
9264	-7.95E-4
9272	0.01248
9280	-0.01383
9288	-0.1101
9296	-0.05997
9304	-0.05384
9312	-0.01674
9320	0.008842
9328	-0.155
9336	-0.2268
9344	-0.2317
9352	-0.1878
9360	-0.08748
9368	-0.1081
9376	0.08921
9384	0.0797
9392	0.0868
9400	0.1485
9408	0.06949
9416	0.02452
9424	0.1375
9432	0.04203
9440	-0.0246
9448	-0.05738
9456	-0.07255
9464	-0.1079
9472	-0.1759
9480	-0.1756
9488	-0.1805
9496	-0.154
9504	-0.1181
9512	-0.1244
9520	-0.0711
9528	-0.07129
9536	0.04932
9544	-0.06128
9552	-0.01674
9560	-0.05357
9568	-0.123
9576	-0.1269
9584	0.0646
9592	0.04079
9600	-0.1505
9608	-0.01526
9616	-0.04036
9624	0.03625
9632	0.01975
9640	0.07326
9648	0.06338
9656	0.0743
9664	-0.03028
9672	0.07144
9680	-0.003862
9688	0.01768
9696	-0.008486
9704	-0.07039
9712	-0.1271
9720	-0.185
9728	-0.2569
9736	-0.07779
9744	-0.01841
9752	0.01262
9760	0.05917
9768	0.02066
9776	-0.1343
9784	-0.02482
9792	-0.08743
9800	0.0506
9808	-0.1482
9816	-0.1689
9824	-0.01486
9832	-0.1189
9840	-0.1106
9848	-0.1257
9856	-0.1754
9864	-0.08858
9872	-0.1076
9880	-0.01256
9888	0.07663
9896	0.03351
9904	-0.09868
9912	-0.0632
9920	-0.008632
9928	0.02482
9936	-0.1248
9944	-0.08389
9952	-0.08769
9960	-0.1864
9968	-0.2304
9976	-0.1197
9984	-0.1028
9992	-0.2093
10000	-0.06536
10008	-0.08887
10016	-0.1784
10024	-0.07583
10032	0.1105
10040	0.04747
10048	0.03643
10056	0.02054
10064	-0.08826
10072	-0.0109
10080	0.01301
10088	-0.01048
10096	0.02681
10104	0.0545
10112	-0.07953
10120	-0.03849
10128	-0.1121
10136	-0.1505
10144	-0.03203
10152	-0.02368
10160	0.04349
10168	-0.004335
10176	0.009916
10184	0.003508
10192	0.06205
10200	-0.03192
10208	-0.1063
10216	-0.1128
10224	-0.133
10232	-0.1353
10240	-0.1753
10248	-0.1153
10256	-0.09478
10264	0.1428
10272	0.04422
10280	-0.009567
10288	-0.008789
10296	0.001882
10304	-0.01043
10312	-0.05822
10320	-0.1592
10328	-0.1995
10336	-0.1508
10344	-0.2061
10352	-0.178
10360	-0.1462
10368	-0.1995
10376	-0.2048
10384	-0.06167
10392	-0.0672
10400	-0.01448
10408	0.06855
10416	0.02568
10424	-0.02073
10432	0.007541
10440	0.1094
10448	0.1647
10456	0.04272
10464	0.008189
10472	0.05261
10480	-0.03395
10488	-0.03144
10496	0.0558
10504	-0.03132
10512	-0.08405
10520	0.06223
10528	0.04712
10536	-0.003101
10544	0.008469
10552	-0.005034
10560	0.1065
10568	0.05674
10576	0.04116
10584	0.07147
10592	-0.05991
10600	-0.0409
10608	0.009643
10616	-0.1122
10624	-0.224
10632	-0.1447
10640	-0.0545
10648	-0.114
10656	-0.02544
10664	0.0624
10672	0.1071
10680	0.0803
10688	0.05051
10696	-0.01458
10704	0.01244
10712	-0.08588
10720	0.0512
10728	0.007246
10736	-0.136
10744	-0.04262
10752	0.008028
10760	0.02549
10768	0.08315
10776	0.05486
10784	-0.0678
10792	-0.04209
10800	-0.03451
10808	0.03987
10816	0.07035
10824	-0.07469
10832	-0.005024
10840	-0.05984
10848	-0.0135
10856	-0.1628
10864	-0.1881
10872	-0.2324
10880	-0.2339
10888	-0.1058
10896	-0.133
10904	-0.1459
10912	-0.1031
10920	-0.03882
10928	0.1085
10936	-0.07428
10944	-0.007516
10952	-0.1159
10960	-0.08268
10968	-0.0157
10976	-0.04776
10984	-0.1007
10992	0.06002
11000	0.04737
11008	-0.1331
11016	-0.1234
11024	-0.1121
11032	-0.07872
11040	-0.05456
11048	0.1134
11056	0.07966
11064	0.09382
11072	0.001726
11080	-0.07364
11088	0.03781
11096	0.004696
11104	-0.004359
11112	0.0907
11120	0.06761
11128	-0.1125
11136	-0.1028
11144	-0.1609
11152	-0.1681
11160	-0.2085
11168	-0.1316
11176	-0.1211
11184	-0.1537
11192	-0.09435
11200	-0.08373
11208	0.02565
11216	0.06632
11224	0.0479
11232	0.009694
11240	-0.101
11248	-0.1253
11256	-0.2432
11264	-0.3106
11272	-0.1206
11280	-0.2194
11288	-0.1243
11296	-0.05188
11304	-0.09665
11312	0.0545
11320	0.02491
11328	0.03703
11336	-0.05456
11344	-0.1307
11352	-0.09063
11360	-0.1638
11368	-0.2216
11376	-0.1807
11384	-0.08797
11392	-0.2504
11400	-0.2696
11408	-0.1603
11416	-0.05886
11424	-0.04724
11432	-0.0116
11440	-0.05881
11448	-0.07566
11456	-0.03343
11464	0.02949
11472	-0.003332
11480	0.03402
11488	0.02239
11496	-9.728E-4
11504	0.05371
11512	0.1013
11520	-0.01744
11528	0.09793
11536	0.03988
11544	-0.05738
11552	-0.04607
11560	-0.0632
11568	-0.1012
11576	-0.1496
11584	-0.0208
11592	-4.214E-4
11600	-0.1661
11608	-0.1258
11616	-0.08352
11624	-0.09916
11632	-0.0909
11640	-0.1553
11648	-0.04895
11656	-0.1066
11664	1.228E-4
11672	0.01589
11680	0.04779
11688	0.03556
11696	-0.06651
11704	-0.003901
11712	-0.06935
11720	-0.05288
11728	0.08626
11736	0.1704
11744	0.1237
11752	0.1181
11760	-0.02069
11768	-0.04563
11776	-0.1291
11784	-0.133
11792	-0.03465
11800	0.03841
11808	-0.03774
11816	-0.09808
11824	-0.1327
11832	-0.08672
11840	-0.03595
11848	-0.06439
11856	0.05846
11864	0.0299
11872	0.1776
11880	0.1314
11888	0.1072
11896	0.05729
11904	-0.07327
11912	-0.207
11920	-0.1892
11928	-0.1844
11936	-0.07517
11944	-0.2198
11952	-0.04863
11960	-0.08333
11968	-0.0735
11976	-0.11
11984	-0.03865
11992	0.05577
12000	-0.05084
12008	-0.1
12016	-0.08894
12024	-2.896E-4
12032	-0.06818
12040	-0.137
12048	-0.02141
12056	-0.08429
12064	-0.01643
12072	0.1102
12080	0.08015
12088	0.1181
12096	0.1361
12104	0.116
12112	0.09815
12120	0.04205
12128	0.09686
12136	0.07113
12144	0.04063
12152	-0.07369
12160	-0.08923
12168	-0.09745
12176	-0.1596
12184	-0.07391
12192	-0.07552
12200	-0.09504
12208	-0.1186
12216	-0.1091
12224	-0.01207
12232	0.05452
12240	0.06116
12248	0.008527
12256	-0.1531
12264	-0.1476
12272	-0.03858
12280	0.09524
12288	0.05084
12296	0.1596
12304	0.2129
12312	0.04515
12320	-0.0352
12328	-0.01701
12336	0.05306
12344	0.02528
12352	-0.06384
12360	-0.008777
12368	0.05418
12376	0.1092
12384	0.08287
12392	0.007667
12400	-0.0198
12408	-0.01422
12416	0.0434
12424	0.02357
12432	0.05654
12440	0.02239
12448	-0.08458
12456	-0.04998
12464	-0.04204
12472	-0.102
12480	-0.1596
12488	-0.1578
12496	-0.1947
12504	-0.1594
12512	-0.1601
12520	-0.07821
12528	0.03078
12536	0.05791
12544	-0.0342
12552	-0.06075
12560	-0.05934
12568	-0.04091
12576	0.009897
12584	0.04343
12592	0.1263
12600	0.1071
12608	0.08909
12616	0.07751
12624	0.05811
12632	0.04738
12640	0.007788
12648	0.0686
12656	0.01294
12664	0.04784
12672	-0.03437
12680	-0.03022
12688	-0.08341
12696	-0.0194
12704	-0.08419
12712	-0.17
12720	-0.09728
12728	-0.04535
12736	0.02135
12744	-0.06205
12752	-0.03628
12760	-0.1221
12768	-0.03332
12776	0.02002
12784	-0.0987
12792	-0.04962
12800	-0.04461
12808	-0.1328
12816	-0.08932
12824	-0.06469
12832	-0.02916
12840	-0.05212
12848	-0.06801
12856	0.07664
12864	0.104
12872	0.08003
12880	0.071
12888	0.05155
12896	0.05014
12904	-0.03411
12912	-0.1432
12920	-0.1604
12928	-0.05158
12936	-0.03024
12944	-0.104
12952	-0.08184
12960	-0.1267
12968	-0.08674
12976	-0.3173
12984	-0.1763
12992	-0.001671
13000	-0.01634
13008	0.01594
13016	0.07701
13024	0.08925
13032	0.04161
13040	-0.02618
13048	-0.02658
13056	0.0137
13064	-0.01404
13072	0.03448
13080	0.1796
13088	0.1432
13096	0.05656
13104	0.09885
13112	0.1073
13120	0.04188
13128	0.001135
13136	-0.1544
13144	-0.05745
13152	0.004465
13160	0.0396
13168	0.04326
13176	-0.02015
13184	-0.06209
13192	-0.1104
13200	-0.04984
13208	0.005417
13216	-0.05802
13224	-0.1004
13232	-0.06414
13240	-0.212
13248	-0.1195
13256	-0.0655
13264	-0.2307
13272	-0.1473
13280	-0.1551
13288	-0.07249
13296	-0.0546
13304	0.06137
13312	0.08243
13320	0.08413
13328	0.06434
13336	0.1255
13344	0.3075
13352	0.2355
13360	0.001378
13368	0.02225
13376	0.104
13384	0.08393
13392	0.02213
13400	-0.06939
13408	0.1057
13416	-0.006369
13424	-0.0784
13432	-0.0875
13440	-0.03822
13448	-0.08154
13456	-0.01355
13464	-0.04928
13472	-0.1206
13480	-0.03488
13488	-0.02193
13496	0.01752
13504	-0.1089
13512	-0.1684
13520	-0.1161
13528	-0.06194
13536	-0.1371
13544	0.0234
13552	0.02164
13560	-0.07428
13568	-0.08813
13576	-0.02554
13584	-0.006733
13592	-0.1184
13600	-0.1288
13608	-0.1717
13616	0.01357
13624	0.03116
13632	-0.06973
13640	-0.0672
13648	0.03655
13656	0.07012
13664	-0.05542
13672	-0.1133
13680	-0.1838
13688	-0.2252
13696	-0.1828
13704	-0.1434
13712	-0.07189
13720	-0.2045
13728	-0.2027
13736	-0.108
13744	-0.1725
13752	-0.1904
13760	-0.07331
13768	-0.2351
13776	-0.264
13784	-0.2079
13792	-0.1509
13800	-0.1622
13808	-0.08117
13816	-0.04055
13824	-0.1015
13832	-0.06314
13840	-0.06086
13848	-0.07269
13856	-0.1131
13864	-0.1398
13872	-0.06099
13880	-0.02622
13888	-0.06109
13896	-0.005015
13904	-0.004046
13912	0.03614
13920	0.05296
13928	-0.04639
13936	-0.08385
13944	-0.01871
13952	-0.139
13960	-0.008859
13968	0.01005
13976	-0.0254
13984	-0.06559
13992	0.08997
14000	0.01823
14008	0.03438
14016	-0.006996
14024	-0.06359
14032	-0.03652
14040	-0.02502
14048	-0.1288
14056	-0.2205
14064	-0.2083
14072	-0.09621
14080	-0.01897
14088	0.1596
14096	0.1247
14104	0.05188
14112	-0.08081
14120	-0.01525
14128	0.04105
14136	-0.1317
14144	-0.0579
14152	-0.01851
14160	0.1268
14168	0.06217
14176	0.02753
14184	0.01292
14192	-0.1213
14200	0.01236
14208	0.05085
14216	0.08229
14224	-0.09118
14232	-0.1049
14240	-0.1094
14248	-0.2061
14256	-0.07034
14264	-0.1191
14272	-0.2307
14280	-0.1568
14288	-0.04625
14296	0.01819
14304	0.03962
14312	-0.03064
14320	-0.09344
14328	-0.01763
14336	-0.05297
14344	-0.1128
14352	-0.07187
14360	-0.08491
14368	-0.02746
14376	0.04218
14384	0.03917
14392	0.0225
14400	0.0857
14408	0.08002
14416	-0.02758
14424	-0.0628
14432	-0.08628
14440	-0.05793
14448	-0.03296
14456	0.03571
14464	-0.144
14472	-0.09537
14480	-0.1121
14488	-0.07794
14496	-0.1564
14504	-0.2053
14512	-0.1639
14520	-0.1976
14528	-0.1568
14536	-0.1361
14544	-0.07549
14552	-0.06418
14560	-0.05477
14568	-0.1015
14576	-0.2304
14584	-0.3108
14592	-0.2606
14600	-0.2343
14608	-0.1844
14616	-0.1927
14624	-0.1157
14632	-0.1481
14640	-0.106
14648	0.03303
14656	0.06767
14664	-0.03186
14672	-0.01723
14680	-0.1534
14688	-0.182
14696	-0.1258
14704	-0.06963
14712	-0.01696
14720	-0.01535
14728	0.008379
14736	-0.006937
14744	0.002428
14752	-0.1312
14760	-0.07705
14768	0.037
14776	0.09937
14784	0.1596
14792	0.03681
14800	-0.013
14808	-0.0595
14816	-0.06039
14824	0.006646
14832	-0.008312
14840	-0.05612
14848	-0.1497
14856	-0.1056
14864	-0.07399
14872	-0.1026
14880	-0.08666
14888	-0.008217
14896	-0.00868
14904	-0.01308
14912	-0.1682
14920	-0.1341
14928	-0.09576
14936	-0.04607
14944	0.0306
14952	0.06679
14960	0.03611
14968	-0.01403
14976	-0.02635
14984	0.003778
14992	0.07442
7000	0.02591
7008	0.05882
7016	-0.03692
7024	0.09442
7032	0.009179
7040	0.06034
7048	-0.03617
7056	0.03838
7064	-0.06106
7072	0.04694
7080	-0.01796
7088	0.08904
7096	0.02902
7104	0.05053
7112	0.05938
7120	-0.02876
7128	-0.04661
7136	-0.1145
7144	-0.04733
7152	-0.02836
7160	-0.01939
7168	-0.1609
7176	-0.1171
7184	-0.06371
7192	-0.03194
7200	-0.01485
7208	-0.03349
7216	0.03606
7224	-0.01116
7232	-0.15
7240	-0.1193
7248	0.007541
7256	-0.03417
7264	0.04837
7272	0.05959
7280	-0.02705
7288	0.006822
7296	0.00581
7304	-0.00669
7312	-0.1839
7320	-0.01256
7328	-0.1258
7336	0.09687
7344	0.07971
7352	0.01985
7360	0.02883
7368	-0.03642
7376	0.06491
7384	-0.02288
7392	-0.02538
7400	-0.07364
7408	-0.0685
7416	0.06301
7424	-0.05677
7432	-0.02856
7440	-0.05218
7448	-0.03866
7456	0.02149
7464	-0.01508
7472	0.005898
7480	-0.005396
7488	-0.07662
7496	-0.05234
7504	-0.04326
7512	0.001484
7520	0.08347
7528	-0.03901
7536	-0.03471
7544	0.04757
7552	-0.007262
7560	0.07524
7568	-0.06691
7576	-0.003825
7584	-0.03559
7592	0.01204
7600	-0.08493
7608	-0.1354
7616	0.08903
7624	-0.06853
7632	-0.06562
7640	-0.1274
7648	-0.03933
7656	-0.05437
7664	-0.006585
7672	0.02735
7680	-0.1223
7688	-0.1313
7696	-0.0297
7704	0.0309
7712	0.01935
7720	-0.05076
7728	-0.04011
7736	0.05716
7744	-0.0465
7752	-0.09086
7760	-0.1254
7768	-0.1921
7776	-0.007599
7784	-0.04197
7792	-0.002791
7800	-0.1005
7808	-0.1583
7816	-0.06403
7824	0.06037
7832	-0.02126
7840	-0.05972
7848	-0.1038
7856	-0.004556
7864	-0.01915
7872	0.06394
7880	-0.1006
7888	-0.07433
7896	-0.05065
7904	0.06767
7912	-0.02042
7920	-0.01111
7928	-0.1142
7936	0.031
7944	0.07129
7952	-0.01413
7960	-0.03366
7968	-0.04582
7976	0.01108
7984	0.1417
7992	0.04465
8000	0.05229
8008	0.01858
8016	0.06127
8024	-0.05894
8032	0.01342
8040	-0.1572
8048	-0.1418
8056	-0.01697
8064	0.01386
8072	-0.0163
8080	-0.107
8088	0.02006
8096	-0.01518
8104	-0.1191
8112	-0.1213
8120	-0.01357
8128	0.0106
8136	-0.02642
8144	-0.02811
8152	-0.03754
8160	-0.04821
8168	-0.04008
8176	-0.08408
8184	-0.07054
8192	-0.07026
8200	-0.08882
8208	-0.02397
8216	0.03929
8224	-0.05175
8232	-0.008837
8240	-0.03637
8248	0.04383
8256	0.04437
8264	0.0731
8272	0.07942
8280	-0.01692
8288	-0.04221
8296	0.01324
8304	-0.04658
8312	-0.04853
8320	-0.1105
8328	0.005341
8336	-0.06718
8344	0.07323
8352	0.03894
8360	0.07153
8368	-0.02401
8376	0.0146
8384	-0.005556
8392	-0.08822
8400	-0.04757
8408	-0.04902
8416	-0.04288
8424	-0.02178
8432	0.02666
8440	-0.0742
8448	0.02977
8456	0.02351
8464	0.03936
8472	0.06384
8480	0.04143
8488	0.0236
8496	0.09777
8504	0.0519
8512	-0.003819
8520	0.009256
8528	-0.1172
8536	-0.03853
8544	-0.09763
8552	0.003255
8560	-0.0287
8568	-0.06939
8576	0.01562
8584	-0.02598
8592	0.1091
8600	0.04455
8608	0.02301
8616	-0.004463
8624	-0.004413
8632	0.07954
8640	-0.01062
8648	-0.02666
8656	-0.07907
8664	-0.1016
8672	0.02805
8680	0.0488
8688	0.04806
8696	-0.004244
8704	-0.07908
8712	-0.05548
8720	0.0654
8728	-0.04566
8736	-0.07333
8744	-0.008755
8752	-0.07267
8760	-0.02181
8768	-0.1102
8776	-0.108
8784	0.009287
8792	0.01342
8800	-0.0387
8808	-0.02218
8816	0.05316
8824	-0.01572
8832	-0.07202
8840	-0.03427
8848	-0.1389
8856	-0.0601
8864	0.08072
8872	-0.03526
8880	0.001035
8888	-0.06513
8896	-0.09066
8904	-0.1148
8912	-0.1677
8920	-0.1149
8928	-0.1124
8936	-0.1127
8944	-0.1329
8952	-0.1157
8960	-0.04375
8968	-0.07899
8976	-0.1137
8984	-0.1038
8992	-0.1546
9000	-0.03915
9008	-0.07418
9016	-0.04064
9024	0.001141
9032	-0.05294
9040	-0.08377
9048	-0.01044
9056	-0.1721
9064	-0.0772
9072	-0.01706
9080	-0.06545
9088	0.03329
9096	0.03223
9104	-0.02403
9112	-0.09671
9120	0.02921
9128	-0.08107
9136	0.01322
9144	-0.04845
9152	-0.04483
9160	-0.02268
9168	-0.02406
9176	-0.07934
9184	-0.04871
9192	-0.04365
9200	0.03119
9208	-0.01841
9216	-0.05809
9224	-0.07068
9232	-0.06104
9240	-0.11
9248	-0.009092
9256	0.05084
9264	0.07901
9272	-0.001318
9280	-0.03667
9288	0.006008
9296	-0.07547
9304	0.03595
9312	-0.01265
9320	0.05253
9328	-0.001403
9336	0.09636
9344	-0.01223
9352	-0.1376
9360	-0.0131
9368	-0.006619
9376	0.003388
9384	-0.002011
9392	-0.1383
9400	-0.03696
9408	-0.004415
9416	0.004584
9424	-0.003989
9432	0.02902
9440	-0.01066
9448	-0.04156
9456	-0.08251
9464	-0.08081
9472	-0.02634
9480	-0.05613
9488	-0.04683
9496	-0.112
9504	-0.09381
9512	-0.1609
9520	-0.1562
9528	-0.1224
9536	-0.1163
9544	-0.09298
9552	-0.1362
9560	-0.04375
9568	-0.02734
9576	-0.0187
9584	-0.01069
9592	0.02436
9600	-0.004932
9608	-0.1543
9616	-0.03832
9624	-0.07579
9632	-0.01401
9640	0.04211
9648	0.02156
9656	-0.1213
9664	-0.05764
9672	-0.008972
9680	0.04084
9688	-0.05842
9696	-0.006371
9704	-0.04471
9712	-0.05428
9720	0.02644
9728	-0.02309
9736	-0.05731
9744	-0.1208
9752	-0.1971
9760	-0.0674
9768	-0.05887
9776	-0.02459
9784	-0.03688
9792	-0.08952
9800	-0.0676
9808	0.04651
9816	0.1067
9824	-0.01806
9832	0.01624
9840	-0.02912
9848	-0.1054
9856	-0.05675
9864	0.02749
9872	-0.1016
9880	-0.07674
9888	-0.08507
9896	-0.02324
9904	-0.1282
9912	-0.01843
9920	-0.05185
9928	-0.0574
9936	0.01372
9944	-0.07448
9952	-0.1074
9960	-0.1101
9968	-0.1636
9976	-0.1233
9984	-0.05643
9992	-0.05779
10000	-0.09987
10008	-0.01476
10016	0.03765
10024	-0.02941
10032	-0.03112
10040	-0.04349
10048	-0.104
10056	-0.01448
10064	-0.03623
10072	-0.07641
10080	0.03522
10088	0.02883
10096	0.03252
10104	0.009722
10112	0.07369
10120	0.006354
10128	0.02428
10136	-0.05167
10144	-0.242
10152	-0.2843
10160	-0.01731
10168	-0.06416
10176	-0.03969
10184	-0.0328
10192	-0.1003
10200	-0.06332
10208	-0.02635
10216	-0.0729
10224	0.006131
10232	-0.04923
10240	-0.06756
10248	0.03239
10256	-0.006539
10264	-0.02577
10272	0.02359
10280	-0.01334
10288	-0.1488
10296	-0.07671
10304	-0.1218
10312	-0.1488
10320	-0.026
10328	-0.1623
10336	-0.0971
10344	-0.128
10352	-0.0385
10360	0.01343
10368	0.0127
10376	-0.04347
10384	-0.1198
10392	-0.0688
10400	-0.02331
10408	0.1316
10416	0.01857
10424	-0.07656
10432	0.04553
10440	0.03102
10448	0.002598
10456	0.07451
10464	0.08429
10472	0.1087
10480	0.003607
10488	-0.09084
10496	-0.1251
10504	0.005201
10512	0.04748
10520	-0.0342
10528	-0.09959
10536	-0.009203
10544	-0.04582
10552	0.02067
10560	-0.008143
10568	-0.003212
10576	0.001175
10584	0.04631
10592	0.09726
10600	0.05787
10608	0.01457
10616	-0.05636
10624	-0.0413
10632	-0.1041
10640	-0.08554
10648	-0.0292
10656	-0.05161
10664	-0.03732
10672	-0.03762
10680	-0.07604
10688	-0.1075
10696	-0.1155
10704	-0.2258
10712	-0.08231
10720	-0.06999
10728	-0.03472
10736	0.0168
10744	0.03389
10752	0.03434
10760	-0.05421
10768	0.03529
10776	-0.0759
10784	-0.117
10792	-0.1046
10800	-0.006809
10808	-0.04285
10816	0.04446
10824	0.136
10832	-0.03654
10840	0.0377
10848	-0.00342
10856	-0.003432
10864	-0.04225
10872	0.01754
10880	-0.03048
10888	-0.1807
10896	-0.06159
10904	-0.1566
10912	0.06277
10920	-0.1393
10928	-0.1188
10936	0.01119
10944	-0.00192
10952	0.06708
10960	-0.02212
10968	-0.002029
10976	0.02646
10984	0.07979
10992	0.02132
11000	-0.00264
11008	0.1822
11016	-0.07856
11024	-0.06049
11032	-0.04455
11040	0.1089
11048	0.03468
11056	-0.02447
11064	-0.06152
11072	-0.1019
11080	-0.03563
11088	8.25E-5
11096	-0.03212
11104	-0.04366
11112	-0.05966
11120	0.03034
11128	0.01215
11136	0.06631
11144	0.01129
11152	0.1383
11160	0.01229
11168	-0.124
11176	-6.511E-5
11184	-0.03009
11192	0.006499
11200	-0.04329
11208	0.07597
11216	0.005608
11224	-0.002801
11232	0.05824
11240	0.01987
11248	-0.08448
11256	-0.02228
11264	-0.0177
11272	-0.1215
11280	-0.0833
11288	-0.05601
11296	-0.1022
11304	-0.1193
11312	-0.1306
11320	-0.0792
11328	-0.1169
11336	-0.008529
11344	0.04795
11352	0.02648
11360	-0.01622
11368	-0.04344
11376	-0.04168
11384	0.04358
11392	0.07843
11400	-0.05964
11408	-0.1301
11416	-0.09251
11424	-0.1267
11432	-0.1089
11440	-0.1073
11448	-0.07012
11456	-0.07004
11464	-0.0118
11472	0.01573
11480	-0.08079
11488	0.01362
11496	-0.05055
11504	0.09914
11512	-0.1286
11520	0.03083
11528	-0.0447
11536	-0.05675
11544	0.04948
11552	-0.07246
11560	-0.001114
11568	-0.08845
11576	-0.02612
11584	-0.01862
11592	-0.0436
11600	0.04269
11608	0.08896
11616	-0.01768
11624	0.02103
11632	0.02292
11640	-0.1061
11648	-0.1773
11656	-0.05926
11664	0.00968
11672	-0.07973
11680	-0.106
11688	0.05445
11696	0.06176
11704	-0.03614
11712	0.07531
11720	0.02278
11728	-0.1376
11736	-0.1228
11744	0.02107
11752	-0.03903
11760	-0.01747
11768	0.00571
11776	-0.03857
11784	0.09329
11792	-0.1305
11800	-0.1082
11808	0.01292
11816	0.01434
11824	0.07424
11832	-0.1582
11840	-0.04459
11848	-0.1339
11856	0.07387
11864	-0.03364
11872	0.04067
11880	0.04387
11888	0.04771
11896	0.07791
11904	-0.07365
11912	-0.07811
11920	0.02188
11928	-0.0564
11936	-0.231
11944	-0.1713
11952	-0.2288
11960	0.03774
11968	-0.01224
11976	-0.03804
11984	0.04441
11992	-0.02504
12000	-0.1236
12008	-0.09617
12016	0.0448
12024	-0.1305
12032	-0.0258
12040	0.07294
12048	-0.147
12056	-0.07803
12064	4.894E-4
12072	-0.1067
12080	0.05786
12088	-0.006994
12096	-0.006677
12104	0.009758
12112	-0.03936
12120	0.03781
12128	0.01608
12136	0.1024
12144	0.09558
12152	-0.07518
12160	0.02873
12168	0.08355
12176	0.03957
12184	0.01684
12192	-0.03066
12200	0.02142
12208	-0.03478
12216	-0.06878
12224	-0.004748
12232	0.1249
12240	0.108
12248	0.06167
12256	-0.009236
12264	0.01278
12272	-0.06719
12280	0.03738
12288	0.005017
12296	-4.329E-4
12304	-0.1077
12312	0.03579
12320	0.06324
12328	0.02651
12336	-0.1115
12344	-0.06409
12352	-0.09441
12360	-0.04452
12368	-0.1042
12376	-0.1049
12384	0.05564
12392	0.1104
12400	0.1134
12408	-0.09974
12416	-0.09616
12424	-0.07709
12432	-0.08673
12440	-0.01906
12448	0.0663
12456	0.009702
12464	-0.02472
12472	-0.02707
12480	-0.09364
12488	-0.08383
12496	0.03831
12504	-0.0171
12512	-0.07871
12520	-0.07522
12528	-0.1833
12536	-0.08539
12544	-0.01707
12552	0.01048
12560	0.008271
12568	-0.08077
12576	-0.07645
12584	-0.03417
12592	-0.05821
12600	-0.04849
12608	-0.143
12616	0.01391
12624	-0.05211
12632	-0.04402
12640	-0.01432
12648	-0.01776
12656	-0.01305
12664	0.1298
12672	-0.02524
12680	-0.02081
12688	-0.08834
12696	-0.1015
12704	-0.0591
12712	0.01246
12720	-0.02091
12728	-0.01392
12736	0.03399
12744	0.04467
12752	-0.1397
12760	-0.04198
12768	0.08804
12776	0.04423
12784	0.03759
12792	-0.04992
12800	-0.04206
12808	0.02229
12816	0.03001
12824	0.04579
12832	-0.01895
12840	-0.002267
12848	0.02824
12856	-0.02734
12864	-0.1221
12872	-0.06662
12880	-0.02747
12888	-0.09122
12896	-0.03798
12904	0.04288
12912	0.02804
12920	-0.08946
12928	-0.1288
12936	-0.133
12944	-0.07196
12952	0.002528
12960	-0.0193
12968	-0.049
12976	0.04328
12984	-0.04042
12992	-0.08997
13000	-0.06382
13008	-0.02254
13016	-0.1716
13024	-0.1147
13032	-0.1258
13040	0.03164
13048	0.001789
13056	0.02784
13064	0.0397
13072	-0.1238
13080	-0.0524
13088	0.08775
13096	0.1042
13104	0.1091
13112	0.07293
13120	-8.821E-4
13128	0.00445
13136	0.01714
13144	-8.986E-4
13152	-0.04717
13160	0.03519
13168	0.0111
13176	0.04521
13184	0.07255
13192	-0.01474
13200	0.05499
13208	-0.111
13216	0.002766
13224	-0.009436
13232	-0.1201
13240	-0.0192
13248	-0.07399
13256	-0.207
13264	-0.1084
13272	-0.05829
13280	-0.1373
13288	-0.09705
13296	-0.1108
13304	-0.1293
13312	-0.1138
13320	-0.01472
13328	0.1024
13336	0.0365
13344	-0.04641
13352	0.1405
13360	0.1539
13368	0.02507
13376	-0.02386
13384	0.03032
13392	-0.02307
13400	-0.07206
13408	0.0621
13416	0.03075
13424	0.05978
13432	-0.009931
13440	-0.01635
13448	-0.1192
13456	-0.1053
13464	-0.05835
13472	-0.04313
13480	-0.02637
13488	-0.05202
13496	-0.05771
13504	-0.1535
13512	-0.1108
13520	-0.05715
13528	-0.009334
13536	-0.0417
13544	-0.1287
13552	0.004944
13560	0.03617
13568	-0.005198
13576	0.1105
13584	-0.03971
13592	-0.06013
13600	-6.874E-4
13608	0.03258
13616	-0.08616
13624	-0.09555
13632	-0.006559
13640	-0.04581
13648	-0.04898
13656	-0.009437
13664	-0.04336
13672	0.05229
13680	0.02533
13688	-0.01073
13696	-0.05462
13704	-0.08596
13712	-0.006865
13720	0.07163
13728	-3.903E-4
13736	-0.0323
13744	0.08455
13752	-0.02666
13760	0.01503
13768	0.1492
13776	-0.01492
13784	-0.05014
13792	-0.03787
13800	-0.0375
13808	0.01842
13816	-0.115
13824	-0.01619
13832	-0.1093
13840	-0.07402
13848	7.953E-4
13856	-0.1049
13864	-0.08632
13872	-0.0261
13880	-0.06666
13888	-0.04978
13896	-0.03317
13904	-0.001088
13912	-0.08628
13920	-0.0175
13928	-0.05192
13936	-0.05299
13944	0.01294
13952	0.0747
13960	-0.08293
13968	-0.0599
13976	-0.06878
13984	-2.418E-4
13992	-0.01596
14000	-0.01821
14008	0.019
14016	0.01529
14024	-0.04005
14032	-0.04829
14040	0.02059
14048	-0.07279
14056	0.02499
14064	-0.1216
14072	-0.1518
14080	-0.1001
14088	0.02311
14096	0.1082
14104	0.0666
14112	-0.00859
14120	-0.07447
14128	-0.1907
14136	-0.1519
14144	-0.1132
14152	-0.1505
14160	-0.08469
14168	0.001257
14176	-0.07039
14184	0.02648
14192	0.1809
14200	-0.04486
14208	-0.02314
14216	-0.1394
14224	-0.006903
14232	-0.062
14240	-0.0759
14248	-0.09033
14256	-0.08384
14264	-0.01182
14272	0.06552
14280	-0.09341
14288	-0.1298
14296	-0.12
14304	-0.1147
14312	-0.1055
14320	-0.09413
14328	0.00221
14336	-0.05303
14344	-0.009944
14352	0.01832
14360	-0.04225
14368	0.01871
14376	-0.00711
14384	-0.08921
14392	-0.1232
14400	-0.079
14408	-0.03065
14416	0.0882
14424	0.1334
14432	0.02185
14440	-0.05222
14448	0.02158
14456	-0.01624
14464	0.02093
14472	-0.09235
14480	-0.09796
14488	-0.01766
14496	-0.02113
14504	0.01799
14512	0.002414
14520	0.1012
14528	0.04415
14536	-0.02007
14544	-0.02552
14552	0.02026
14560	0.02326
14568	-0.04196
14576	-0.04143
14584	-0.08581
14592	-0.06721
14600	-0.1393
14608	-0.1331
14616	-0.12
14624	-0.2142
14632	-0.1708
14640	-0.1646
14648	-0.03783
14656	-0.09906
14664	0.03165
14672	-0.1182
14680	-0.00677
14688	-0.01914
14696	-0.06228
14704	-0.1492
14712	-0.1538
14720	-0.1725
14728	-0.1367
14736	-0.04742
14744	0.01736
14752	-7.378E-4
14760	-0.05196
14768	-0.03623
14776	0.04053
14784	0.02746
14792	-0.005721
14800	0.03105
14808	0.06847
14816	-0.1144
14824	-0.1214
14832	0.006024
14840	0.09692
14848	0.1033
14856	-0.08859
14864	-0.06962
14872	-0.02426
14880	-0.004553
14888	0.1049
14896	3.741E-4
14904	0.01652
14912	-0.05614
14920	-0.04137
14928	0.03634
14936	-0.03711
14944	-0.1129
14952	-0.09393
14960	0.05674
14968	0.04319
14976	-0.00303
14984	-0.06923
14992	-0.09451
7000	0.1373
7008	0.1976
7016	0.1999
7024	0.1704
7032	0.174
7040	0.1919
7048	0.06267
7056	0.1457
7064	0.101
7072	0.244
7080	0.09298
7088	0.215
7096	0.1286
7104	0.2176
7112	0.2401
7120	0.1453
7128	-0.03799
7136	0.05983
7144	0.1574
7152	0.2169
7160	0.1063
7168	0.06146
7176	0.08549
7184	0.03589
7192	0.06624
7200	0.1393
7208	0.03671
7216	0.2802
7224	0.0524
7232	0.07073
7240	0.116
7248	0.1631
7256	0.0673
7264	0.2082
7272	0.2444
7280	0.1448
7288	0.1455
7296	0.173
7304	0.1895
7312	0.2031
7320	0.1397
7328	0.07225
7336	0.1565
7344	0.1448
7352	0.1251
7360	0.2289
7368	0.1713
7376	0.2041
7384	0.07418
7392	0.175
7400	0.1594
7408	0.03011
7416	0.1338
7424	0.1146
7432	0.119
7440	0.2528
7448	-0.005043
7456	0.1845
7464	0.08563
7472	0.1012
7480	0.07127
7488	0.02526
7496	0.1408
7504	0.1582
7512	0.01624
7520	0.1644
7528	0.1614
7536	0.2597
7544	0.1696
7552	0.1859
7560	0.3265
7568	0.1538
7576	0.2057
7584	0.04262
7592	0.08657
7600	0.1591
7608	0.1925
7616	0.2403
7624	0.1908
7632	0.1241
7640	-0.07928
7648	0.2507
7656	0.1434
7664	0.03846
7672	0.2856
7680	0.01016
7688	0.09624
7696	0.2323
7704	0.093
7712	0.2276
7720	0.1085
7728	0.1496
7736	-2.13E-4
7744	0.04527
7752	0.01605
7760	0.07819
7768	-0.00261
7776	0.215
7784	0.1358
7792	0.04276
7800	0.08834
7808	-0.009538
7816	0.09137
7824	0.1141
7832	0.1896
7840	0.05479
7848	0.04193
7856	0.1
7864	0.06741
7872	0.109
7880	0.06301
7888	0.1261
7896	-0.01971
7904	0.2035
7912	0.2339
7920	0.09237
7928	0.02681
7936	0.1601
7944	0.276
7952	0.1121
7960	0.1803
7968	0.193
7976	0.195
7984	0.2657
7992	0.2723
8000	0.2295
8008	0.1759
8016	0.1189
8024	0.1272
8032	-0.006943
8040	0.2491
8048	0.06085
8056	0.0594
8064	0.1066
8072	0.09844
8080	0.1122
8088	0.162
8096	0.07337
8104	0.08631
8112	-0.01485
8120	0.31
8128	0.2273
8136	0.05633
8144	0.1633
8152	0.1747
8160	0.1662
8168	0.2378
8176	0.04191
8184	0.0909
8192	0.1603
8200	0.1716
8208	0.08413
8216	0.2454
8224	0.1439
8232	0.238
8240	0.1358
8248	0.1812
8256	0.183
8264	0.1902
8272	0.1565
8280	0.1924
8288	0.2288
8296	0.1392
8304	0.227
8312	0.1656
8320	0.1765
8328	0.1248
8336	0.1259
8344	0.1669
8352	0.2254
8360	0.2105
8368	0.053
8376	0.09459
8384	0.187
8392	0.1582
8400	0.0966
8408	0.09469
8416	0.1562
8424	0.1437
8432	0.0848
8440	0.1506
8448	0.1844
8456	0.09828
8464	0.06282
8472	0.1951
8480	0.1126
8488	0.1607
8496	0.1262
8504	0.2067
8512	0.07504
8520	0.2388
8528	0.1195
8536	0.1633
8544	0.04075
8552	0.07543
8560	0.1127
8568	0.1269
8576	0.2625
8584	0.1484
8592	0.1714
8600	0.1228
8608	0.3201
8616	0.2145
8624	0.1592
8632	0.1386
8640	0.2148
8648	0.2373
8656	0.07737
8664	0.2333
8672	0.2159
8680	0.1371
8688	0.1663
8696	0.2455
8704	0.07603
8712	-0.02545
8720	0.01359
8728	0.147
8736	0.08191
8744	0.06095
8752	0.1777
8760	0.1656
8768	0.1982
8776	0.08526
8784	0.1046
8792	0.1144
8800	-0.0347
8808	0.03011
8816	0.1235
8824	0.1878
8832	0.0732
8840	0.1282
8848	0.1951
8856	0.01297
8864	-0.02411
8872	0.1327
8880	0.05262
8888	0.2569
8896	0.192
8904	0.07673
8912	0.1042
8920	0.07793
8928	0.1923
8936	0.05071
8944	0.006365
8952	0.1199
8960	0.1709
8968	0.04863
8976	0.07399
8984	0.09187
8992	0.05837
9000	0.1496
9008	0.1366
9016	0.1702
9024	0.08858
9032	0.1889
9040	0.1355
9048	-0.007528
9056	0.2151
9064	0.1435
9072	0.1806
9080	0.08824
9088	-0.01608
9096	0.2054
9104	0.2013
9112	0.1978
9120	0.1263
9128	0.1613
9136	0.2042
9144	0.3575
9152	0.207
9160	0.1186
9168	0.2277
9176	0.2789
9184	0.2361
9192	0.1457
9200	0.05299
9208	0.2014
9216	0.09016
9224	0.0964
9232	0.009059
9240	0.2413
9248	0.1718
9256	0.1488
9264	0.1497
9272	0.1873
9280	0.1895
9288	0.1785
9296	0.08476
9304	0.1461
9312	0.2392
9320	0.07927
9328	0.1631
9336	0.2142
9344	0.08807
9352	-0.1652
9360	0.1106
9368	0.1354
9376	0.06554
9384	0.1281
9392	0.2538
9400	-0.04258
9408	0.2658
9416	0.1721
9424	0.1919
9432	0.2336
9440	0.1659
9448	0.1918
9456	0.02538
9464	0.03883
9472	0.2364
9480	0.08443
9488	0.1877
9496	0.1093
9504	0.2543
9512	-0.05386
9520	-0.05129
9528	0.1182
9536	-0.05526
9544	0.1175
9552	0.05093
9560	0.1022
9568	0.05099
9576	0.1044
9584	0.04394
9592	0.116
9600	0.07301
9608	0.1513
9616	0.1031
9624	0.08059
9632	0.1231
9640	0.1897
9648	0.02734
9656	0.083
9664	0.2107
9672	0.1852
9680	0.05426
9688	0.1196
9696	0.1442
9704	0.2354
9712	0.08243
9720	0.2011
9728	0.117
9736	0.09067
9744	0.08881
9752	0.04096
9760	-0.01802
9768	0.1323
9776	0.08216
9784	0.2363
9792	0.1558
9800	0.1078
9808	0.1815
9816	0.217
9824	0.179
9832	0.1234
9840	0.2103
9848	0.0131
9856	0.2032
9864	0.1002
9872	0.07212
9880	0.1061
9888	0.116
9896	0.1567
9904	0.05811
9912	0.197
9920	0.1494
9928	0.1362
9936	0.0622
9944	-0.02103
9952	0.06202
9960	0.1224
9968	0.01573
9976	0.1286
9984	0.142
9992	0.1126
10000	0.05336
10008	0.105
10016	0.08985
10024	0.08961
10032	0.04825
10040	0.09416
10048	0.154
10056	0.124
10064	0.1559
10072	0.1093
10080	0.1448
10088	0.1692
10096	0.1904
10104	0.1986
10112	0.2194
10120	0.2126
10128	0.1085
10136	0.1577
10144	-0.08585
10152	-0.04328
10160	0.0276
10168	0.1173
10176	0.08524
10184	0.231
10192	-0.1103
10200	-0.01569
10208	0.1563
10216	0.1901
10224	0.217
10232	0.01476
10240	0.1685
10248	0.231
10256	0.2015
10264	-0.008808
10272	-0.007104
10280	0.1943
10288	0.07902
10296	-0.02678
10304	-0.004846
10312	0.009787
10320	0.1399
10328	0.009425
10336	0.06728
10344	-0.03946
10352	0.1188
10360	0.2065
10368	0.1699
10376	0.06365
10384	0.05641
10392	0.1057
10400	0.2564
10408	0.05674
10416	0.1168
10424	0.1304
10432	0.3064
10440	0.2467
10448	0.2347
10456	0.1752
10464	0.1745
10472	0.1485
10480	0.2015
10488	0.1291
10496	-0.07141
10504	0.3659
10512	0.05084
10520	0.1667
10528	0.02241
10536	0.1756
10544	0.09612
10552	0.1764
10560	0.1219
10568	0.2015
10576	0.2643
10584	0.08537
10592	0.1513
10600	0.1425
10608	-0.01595
10616	0.1126
10624	0.1498
10632	0.1969
10640	0.1026
10648	0.04143
10656	0.1541
10664	0.1926
10672	0.2244
10680	0.1508
10688	0.02494
10696	-0.05559
10704	0.07507
10712	0.146
10720	0.1059
10728	0.1571
10736	0.1984
10744	0.0668
10752	0.1266
10760	0.1621
10768	0.2872
10776	0.1232
10784	0.1303
10792	0.2098
10800	0.1435
10808	0.05416
10816	0.2153
10824	0.09503
10832	0.03255
10840	0.285
10848	0.07026
10856	0.1393
10864	0.2218
10872	0.08793
10880	0.1772
10888	-0.09522
10896	0.06062
10904	0.1406
10912	0.1986
10920	0.1438
10928	0.1718
10936	0.2725
10944	0.1476
10952	0.2973
10960	0.2025
10968	-0.04474
10976	0.2105
10984	0.224
10992	0.1127
11000	0.1528
11008	0.1789
11016	0.1807
11024	0.1468
11032	0.1833
11040	0.1322
11048	0.1837
11056	0.08727
11064	0.1139
11072	0.1444
11080	0.08424
11088	0.2364
11096	0.223
11104	0.2289
11112	0.06021
11120	0.0879
11128	0.166
11136	0.09155
11144	0.2036
11152	0.1474
11160	0.3307
11168	0.01047
11176	0.1019
11184	0.08252
11192	-0.02297
11200	0.1898
11208	0.06767
11216	0.1783
11224	0.1339
11232	0.1358
11240	0.1318
11248	0.06165
11256	0.237
11264	0.06055
11272	0.0886
11280	0.2255
11288	0.05058
11296	0.2437
11304	0.02313
11312	0.1926
11320	0.08384
11328	0.1604
11336	0.02953
11344	0.1665
11352	0.1819
11360	0.1152
11368	0.1643
11376	0.083
11384	0.1874
11392	0.2886
11400	0.2246
11408	0.002839
11416	0.2023
11424	0.006334
11432	0.07087
11440	0.08931
11448	0.04269
11456	0.162
11464	0.09603
11472	0.1154
11480	0.1886
11488	0.08799
11496	0.1362
11504	0.1042
11512	0.1806
11520	0.221
11528	0.181
11536	0.1094
11544	0.1205
11552	0.06164
11560	0.2483
11568	0.0713
11576	0.2077
11584	0.163
11592	0.09321
11600	0.1849
11608	0.1207
11616	0.2772
11624	0.1579
11632	0.1062
11640	0.2002
11648	0.007882
11656	0.1368
11664	0.2634
11672	0.1512
11680	0.1486
11688	0.08086
11696	0.03892
11704	0.1332
11712	0.2677
11720	0.1396
11728	0.08267
11736	0.08584
11744	0.147
11752	0.1732
11760	0.2574
11768	0.2066
11776	0.2287
11784	0.1187
11792	0.0963
11800	0.1854
11808	0.1325
11816	0.1143
11824	0.05999
11832	0.2223
11840	0.1287
11848	0.009886
11856	0.1563
11864	0.07085
11872	0.0786
11880	0.004477
11888	0.2812
11896	0.2021
11904	0.1574
11912	0.1312
11920	0.1414
11928	0.2155
11936	0.05933
11944	0.02886
11952	0.007699
11960	0.07073
11968	0.08407
11976	0.287
11984	0.01091
11992	0.1366
12000	0.1658
12008	0.09333
12016	0.1656
12024	0.2025
12032	0.1609
12040	0.1103
12048	0.1374
12056	0.1985
12064	0.1237
12072	0.1674
12080	0.08593
12088	0.1207
12096	0.1658
12104	0.1398
12112	0.293
12120	0.3089
12128	0.09209
12136	0.1405
12144	0.1767
12152	0.2317
12160	0.2753
12168	0.2259
12176	0.1316
12184	0.1277
12192	0.1639
12200	-0.02518
12208	0.1984
12216	0.05082
12224	0.1443
12232	0.09168
12240	0.1213
12248	0.08461
12256	0.2072
12264	0.1808
12272	0.09254
12280	0.1189
12288	0.1804
12296	0.1145
12304	-0.007291
12312	0.09385
12320	0.2107
12328	0.1329
12336	0.1386
12344	0.09017
12352	0.17
12360	0.109
12368	0.1862
12376	-0.01181
12384	0.1599
12392	0.1662
12400	0.1131
12408	0.1219
12416	0.04925
12424	0.2292
12432	0.07685
12440	0.05535
12448	0.1257
12456	0.1735
12464	0.1322
12472	0.2296
12480	0.1791
12488	0.09221
12496	0.1888
12504	-0.05929
12512	-0.05251
12520	0.07105
12528	0.1152
12536	0.06246
12544	0.02002
12552	0.08685
12560	0.1729
12568	0.1517
12576	0.2063
12584	0.1195
12592	0.1063
12600	0.1101
12608	0.09868
12616	0.1403
12624	0.2129
12632	0.1748
12640	0.1414
12648	0.1501
12656	0.3046
12664	0.1117
12672	0.2522
12680	0.2051
12688	0.06724
12696	0.07071
12704	0.06002
12712	0.1286
12720	0.1868
12728	0.1598
12736	0.1634
12744	0.2741
12752	0.1172
12760	0.09761
12768	0.2811
12776	0.119
12784	0.2915
12792	0.1936
12800	0.2168
12808	0.2065
12816	0.2566
12824	0.1653
12832	0.1585
12840	0.1592
12848	0.1226
12856	0.1521
12864	0.07888
12872	0.1489
12880	0.1673
12888	0.1522
12896	0.1197
12904	0.1815
12912	0.1023
12920	-0.01499
12928	0.0526
12936	0.1329
12944	-1.564E-4
12952	0.2916
12960	0.0474
12968	0.06261
12976	0.2342
12984	0.03624
12992	-0.05251
13000	0.1731
13008	0.2298
13016	0.05565
13024	0.1988
13032	0.09486
13040	0.06781
13048	0.1331
13056	0.08424
13064	0.3112
13072	0.05228
13080	0.1941
13088	0.286
13096	0.1764
13104	0.2136
13112	0.139
13120	0.2709
13128	0.05096
13136	0.1825
13144	0.141
13152	-8.246E-4
13160	0.1009
13168	0.1379
13176	0.2038
13184	0.1897
13192	0.1848
13200	0.1137
13208	0.1815
13216	0.1656
13224	0.2178
13232	0.09021
13240	0.2039
13248	0.1396
13256	0.029
13264	0.04284
13272	0.1023
13280	0.1152
13288	0.1125
13296	0.096
13304	0.007282
13312	0.12
13320	0.1522
13328	0.1591
13336	0.06984
13344	0.1205
13352	0.3075
13360	0.2544
13368	0.03983
13376	0.1823
13384	0.1802
13392	0.1509
13400	0.1721
13408	0.2493
13416	0.1145
13424	0.1694
13432	0.09791
13440	0.06412
13448	0.1003
13456	0.005468
13464	0.1546
13472	0.292
13480	0.07158
13488	0.1247
13496	0.1297
13504	0.05153
13512	-1.785E-4
13520	0.1128
13528	0.1202
13536	0.226
13544	0.08194
13552	0.2427
13560	0.08646
13568	0.2418
13576	0.1058
13584	0.1552
13592	0.0599
13600	0.3067
13608	0.1216
13616	0.1095
13624	0.179
13632	0.115
13640	0.2354
13648	0.0971
13656	0.1192
13664	0.1888
13672	0.08044
13680	0.1399
13688	0.01065
13696	0.1803
13704	0.1866
13712	0.006383
13720	0.1439
13728	0.09738
13736	0.05258
13744	0.1649
13752	0.2277
13760	0.1711
13768	0.397
13776	0.4212
13784	0.07358
13792	0.2016
13800	0.09406
13808	0.1376
13816	-0.01036
13824	0.1658
13832	0.01997
13840	0.2098
13848	0.2042
13856	0.1708
13864	0.07449
13872	0.2764
13880	-0.001475
13888	0.1132
13896	0.1744
13904	0.1409
13912	0.04911
13920	0.1851
13928	0.2061
13936	0.136
13944	0.2594
13952	0.1409
13960	0.237
13968	0.04559
13976	0.1487
13984	0.05599
13992	0.09867
14000	0.2192
14008	0.2256
14016	0.1288
14024	0.1144
14032	0.2041
14040	0.2052
14048	0.142
14056	0.1709
14064	-0.04299
14072	0.0896
14080	0.08294
14088	0.06096
14096	0.137
14104	0.2223
14112	0.156
14120	0.03249
14128	-0.002649
14136	0.001778
14144	0.03581
14152	0.01595
14160	0.1677
14168	0.1525
14176	0.3672
14184	0.2409
14192	0.1523
14200	0.03786
14208	0.08666
14216	0.1896
14224	0.2872
14232	0.1038
14240	0.009673
14248	0.05412
14256	0.1404
14264	0.1038
14272	0.3129
14280	0.04283
14288	0.07124
14296	0.1408
14304	0.029
14312	0.2032
14320	0.1417
14328	0.1187
14336	0.1551
14344	0.1459
14352	0.2438
14360	0.2
14368	-0.044
14376	0.1118
14384	0.05421
14392	0.1212
14400	0.1184
14408	0.01663
14416	0.1554
14424	0.1075
14432	0.2485
14440	0.1991
14448	0.1371
14456	0.1974
14464	0.2376
14472	0.02953
14480	0.0922
14488	0.2271
14496	0.08671
14504	0.1768
14512	0.1954
14520	0.2051
14528	0.1134
14536	0.1765
14544	0.1964
14552	0.1812
14560	0.1661
14568	0.2608
14576	0.1213
14584	0.09876
14592	0.1334
14600	0.2872
14608	0.1439
14616	-0.01852
14624	0.02464
14632	0.05239
14640	0.0675
14648	0.1476
14656	0.1261
14664	0.2004
14672	0.05723
14680	0.2116
14688	0.1826
14696	-0.08754
14704	-0.008467
14712	0.09482
14720	0.1008
14728	0.05901
14736	0.292
14744	0.1595
14752	0.3452
14760	0.06506
14768	0.1096
14776	0.2065
14784	0.2106
14792	0.07379
14800	0.3246
14808	0.182
14816	0.05607
14824	0.1768
14832	0.1146
14840	0.3268
14848	0.2064
14856	0.1483
14864	0.07676
14872	0.1802
14880	0.1139
14888	0.2644
14896	0.2216
14904	0.1459
14912	0.2672
14920	0.06972
14928	0.09177
14936	0.006875
14944	0.1424
14952	0.1185
14960	0.213
14968	0.1573
14976	0.3049
14984	0.1557
14992	0.1085
