7000	0.6486
7008	0.638
7016	0.6557
7024	0.6697
7032	0.8741
7040	0.6603
7048	0.6192
7056	0.6176
7064	0.6759
7072	0.5614
7080	0.7936
7088	0.5954
7096	0.5404
7104	0.719
7112	0.6169
7120	0.6573
7128	0.7576
7136	0.6157
7144	0.6295
7152	0.8002
7160	0.7129
7168	0.6298
7176	0.6212
7184	0.6701
7192	0.6636
7200	0.6394
7208	0.619
7216	0.6585
7224	0.6233
7232	0.6172
7240	0.5955
7248	0.5705
7256	0.7402
7264	0.7537
7272	0.8048
7280	0.6584
7288	0.7017
7296	0.6558
7304	0.5634
7312	0.6707
7320	0.6438
7328	0.6811
7336	0.763
7344	0.7504
7352	0.6407
7360	0.5972
7368	0.7579
7376	0.7105
7384	0.6859
7392	0.6259
7400	0.5632
7408	0.5557
7416	0.581
7424	0.6746
7432	0.6179
7440	0.663
7448	0.664
7456	0.7852
7464	0.6171
7472	0.6189
7480	0.7298
7488	0.8362
7496	0.6498
7504	0.712
7512	0.7053
7520	0.5601
7528	0.5817
7536	0.6143
7544	0.6399
7552	0.694
7560	0.6244
7568	0.8075
7576	0.6659
7584	0.6858
7592	0.6323
7600	0.7274
7608	0.6407
7616	0.7149
7624	0.7351
7632	0.5877
7640	0.6171
7648	0.55
7656	0.7702
7664	0.8378
7672	0.7298
7680	0.6002
7688	0.5184
7696	0.6794
7704	0.6036
7712	0.8069
7720	0.7021
7728	0.6623
7736	0.669
7744	0.6896
7752	0.699
7760	0.7063
7768	0.5583
7776	0.6648
7784	0.8265
7792	0.6876
7800	0.647
7808	0.6733
7816	0.6379
7824	0.6871
7832	0.5811
7840	0.7414
7848	0.5978
7856	0.6379
7864	0.6742
7872	0.5954
7880	0.723
7888	0.6295
7896	0.5999
7904	0.8061
7912	0.7816
7920	0.6743
7928	0.6413
7936	0.6885
7944	0.7119
7952	0.7197
7960	0.7069
7968	0.6024
7976	0.7806
7984	0.6891
7992	0.6436
8000	0.6802
8008	0.563
8016	0.4928
8024	0.8701
8032	0.6584
8040	0.5431
8048	0.571
8056	0.5573
8064	0.6769
8072	0.6536
8080	0.7338
8088	0.6715
8096	0.7029
8104	0.6425
8112	0.6506
8120	0.6815
8128	0.7464
8136	0.6116
8144	0.6632
8152	0.7145
8160	0.7826
8168	0.6988
8176	0.6905
8184	0.6812
8192	0.5867
8200	0.605
8208	0.6502
8216	0.6226
8224	0.7164
8232	0.7145
8240	0.7798
8248	0.5707
8256	0.6544
8264	0.7883
8272	0.7108
8280	0.6481
8288	0.6691
8296	0.6653
8304	0.6445
8312	0.7773
8320	0.7642
8328	0.7211
8336	0.6555
8344	0.8205
8352	0.6226
8360	0.5974
8368	0.5553
8376	0.6421
8384	0.7759
8392	0.7424
8400	0.6942
8408	0.6497
8416	0.6426
8424	0.6925
8432	0.6366
8440	0.6385
8448	0.6314
8456	0.6748
8464	0.6682
8472	0.6767
8480	0.5291
8488	0.6924
8496	0.6051
8504	0.594
8512	0.6373
8520	0.6981
8528	0.6662
8536	0.6678
8544	0.6901
8552	0.6105
8560	0.883
8568	0.7376
8576	0.6388
8584	0.7039
8592	0.6776
8600	0.7535
8608	0.6498
8616	0.6472
8624	0.749
8632	0.6578
8640	0.8188
8648	0.5076
8656	0.6424
8664	0.5209
8672	0.6221
8680	0.7489
8688	0.5911
8696	0.7408
8704	0.6358
8712	0.7009
8720	0.669
8728	0.5723
8736	0.6876
8744	0.7967
8752	0.6782
8760	0.6747
8768	0.6639
8776	0.6377
8784	0.713
8792	0.5576
8800	0.6086
8808	0.7797
8816	0.7193
8824	0.5623
8832	0.6999
8840	0.5632
8848	0.6186
8856	0.8423
8864	0.689
8872	0.5979
8880	0.822
8888	0.6345
8896	0.7931
8904	0.6515
8912	0.5866
8920	0.6097
8928	0.7025
8936	0.596
8944	0.8214
8952	0.6861
8960	0.6063
8968	0.6591
8976	0.7077
8984	0.6407
8992	0.6431
9000	0.653
9008	0.6255
9016	0.575
9024	0.7243
9032	0.7075
9040	0.5345
9048	0.6181
9056	0.6461
9064	0.6717
9072	0.6276
9080	0.6879
9088	0.6718
9096	0.6436
9104	0.595
9112	0.848
9120	0.8637
9128	0.6302
9136	0.6865
9144	0.6424
9152	0.6027
9160	0.5348
9168	0.6182
9176	0.6378
9184	0.6508
9192	0.5762
9200	0.6458
9208	0.6385
9216	0.7293
9224	0.6612
9232	0.7696
9240	0.6016
9248	0.7812
9256	0.6863
9264	0.6298
9272	0.6451
9280	0.6722
9288	0.6185
9296	0.6626
9304	0.6103
9312	0.7599
9320	0.7063
9328	0.6521
9336	0.6073
9344	0.7957
9352	0.7119
9360	0.6128
9368	0.6726
9376	0.6029
9384	0.6981
9392	0.713
9400	0.6185
9408	0.6008
9416	0.7365
9424	0.6877
9432	0.6707
9440	0.5515
9448	0.7022
9456	0.722
9464	0.6821
9472	0.639
9480	0.5028
9488	0.6064
9496	0.7068
9504	0.5896
9512	0.6493
9520	0.6615
9528	0.6026
9536	0.6282
9544	0.6759
9552	0.6802
9560	0.681
9568	0.6628
9576	0.6271
9584	0.6474
9592	0.6378
9600	0.6832
9608	0.6104
9616	0.6554
9624	0.7088
9632	0.5813
9640	0.598
9648	0.6999
9656	0.667
9664	0.6814
9672	0.677
9680	0.6627
9688	0.6492
9696	0.6425
9704	0.6971
9712	0.536
9720	0.7076
9728	0.6717
9736	0.6023
9744	0.6654
9752	0.6192
9760	0.6644
9768	0.6038
9776	0.6603
9784	0.6067
9792	0.676
9800	0.6495
9808	0.5835
9816	0.6238
9824	0.5198
9832	0.7086
9840	0.6826
9848	0.7362
9856	0.6304
9864	0.7244
9872	0.6689
9880	0.7097
9888	0.6697
9896	0.6715
9904	0.7339
9912	0.7541
9920	0.5736
9928	0.6752
9936	0.7008
9944	0.7914
9952	0.7179
9960	0.6429
9968	0.5972
9976	0.6353
9984	0.7246
9992	0.6837
10000	0.7226
10008	0.6938
10016	0.8361
10024	0.7261
10032	0.6285
10040	0.6161
10048	0.6702
10056	0.6572
10064	0.5864
10072	0.6012
10080	0.6462
10088	0.6172
10096	0.6968
10104	0.7557
10112	0.7817
10120	0.6535
10128	0.5481
10136	0.685
10144	0.5506
10152	0.5984
10160	0.686
10168	0.5987
10176	0.605
10184	0.5659
10192	0.6881
10200	0.6788
10208	0.5842
10216	0.6072
10224	0.6734
10232	0.629
10240	0.6861
10248	0.6802
10256	0.621
10264	0.6321
10272	0.6693
10280	0.6094
10288	0.6164
10296	0.6862
10304	0.7077
10312	0.6988
10320	0.6614
10328	0.6471
10336	0.5843
10344	0.504
10352	0.7264
10360	0.7255
10368	0.571
10376	0.6462
10384	0.5817
10392	0.8089
10400	0.5089
10408	0.6728
10416	0.6838
10424	0.6735
10432	0.6829
10440	0.6241
10448	0.7444
10456	0.662
10464	0.7336
10472	0.6757
10480	0.6856
10488	0.6319
10496	0.6365
10504	0.7385
10512	0.5989
10520	0.7045
10528	0.6172
10536	0.6593
10544	0.6278
10552	0.6315
10560	0.7572
10568	0.5679
10576	0.6668
10584	0.5908
10592	0.6339
10600	0.6773
10608	0.6268
10616	0.5776
10624	0.7915
10632	0.6588
10640	0.6441
10648	0.6059
10656	0.7365
10664	0.7682
10672	0.6466
10680	0.7974
10688	0.7168
10696	0.7036
10704	0.6815
10712	0.5817
10720	0.6916
10728	0.7661
10736	0.6897
10744	0.7635
10752	0.7796
10760	0.7641
10768	0.7395
10776	0.5306
10784	0.7029
10792	0.6993
10800	0.5911
10808	0.6178
10816	0.6383
10824	0.5791
10832	0.5812
10840	0.7577
10848	0.8385
10856	0.5942
10864	0.6408
10872	0.5875
10880	0.7952
10888	0.6145
10896	0.6717
10904	0.559
10912	0.6533
10920	0.688
10928	0.6324
10936	0.8112
10944	0.7078
10952	0.5508
10960	0.613
10968	0.7824
10976	0.6801
10984	0.5628
10992	0.5859
11000	0.6618
11008	0.5937
11016	0.7372
11024	0.6068
11032	0.6083
11040	0.7077
11048	0.575
11056	0.6653
11064	0.7022
11072	0.6663
11080	0.6511
11088	0.6253
11096	0.714
11104	0.684
11112	0.6381
11120	0.6797
11128	0.5929
11136	0.5673
11144	0.7142
11152	0.6045
11160	0.7244
11168	0.6491
11176	0.6302
11184	0.526
11192	0.6102
11200	0.6356
11208	0.7899
11216	0.6502
11224	0.6188
11232	0.7233
11240	0.5996
11248	0.6334
11256	0.5865
11264	0.7544
11272	0.7022
11280	0.5512
11288	0.7345
11296	0.5664
11304	0.5794
11312	0.5686
11320	0.5763
11328	0.8368
11336	0.6951
11344	0.6985
11352	0.7572
11360	0.677
11368	0.7403
11376	0.6567
11384	0.6039
11392	0.6602
11400	0.6064
11408	0.7162
11416	0.6894
11424	0.8828
11432	0.5944
11440	0.7486
11448	0.5541
11456	0.6392
11464	0.632
11472	0.6139
11480	0.655
11488	0.742
11496	0.6592
11504	0.5252
11512	0.735
11520	0.7846
11528	0.7203
11536	0.7462
11544	0.685
11552	0.7712
11560	0.6873
11568	0.6278
11576	0.6609
11584	0.5905
11592	0.784
11600	0.6217
11608	0.5801
11616	0.7731
11624	0.7037
11632	0.7876
11640	0.7603
11648	0.6802
11656	0.6365
11664	0.5391
11672	0.6907
11680	0.6078
11688	0.6224
11696	0.6818
11704	0.6509
11712	0.8076
11720	0.7188
11728	0.6423
11736	0.6931
11744	0.6578
11752	0.6532
11760	0.6064
11768	0.6962
11776	0.602
11784	0.5188
11792	0.6534
11800	0.6494
11808	0.6239
11816	0.6281
11824	0.6114
11832	0.6083
11840	0.7536
11848	0.5696
11856	0.5969
11864	0.6179
11872	0.613
11880	0.7285
11888	0.7867
11896	0.6299
11904	0.6254
11912	0.7104
11920	0.7882
11928	0.6153
11936	0.6443
11944	0.5276
11952	0.7161
11960	0.6518
11968	0.6519
11976	0.6032
11984	0.8456
11992	0.6718
12000	0.7855
12008	0.6284
12016	0.621
12024	0.6253
12032	0.6684
12040	0.6781
12048	0.6396
12056	0.654
12064	0.7769
12072	0.73
12080	0.5976
12088	0.6696
12096	0.6977
12104	0.6241
12112	0.554
12120	0.6975
12128	0.6383
12136	0.6021
12144	0.5455
12152	0.7152
12160	0.7473
12168	0.7379
12176	0.6165
12184	0.7266
12192	0.5667
12200	0.6755
12208	0.6473
12216	0.6223
12224	0.7228
12232	0.7876
12240	0.8119
12248	0.6704
12256	0.6608
12264	0.6222
12272	0.6046
12280	0.8541
12288	0.5422
12296	0.7156
12304	0.7583
12312	0.7462
12320	0.7223
12328	0.7526
12336	0.5734
12344	0.6109
12352	0.6791
12360	0.6945
12368	0.6548
12376	0.623
12384	0.6165
12392	0.6923
12400	0.6199
12408	0.7261
12416	0.7795
12424	0.688
12432	0.7111
12440	0.717
12448	0.6586
12456	0.5841
12464	0.678
12472	0.6638
12480	0.6846
12488	0.661
12496	0.6193
12504	0.6514
12512	0.5322
12520	0.5448
12528	0.6139
12536	0.7573
12544	0.67
12552	0.7789
12560	0.6228
12568	0.6407
12576	0.6293
12584	0.6896
12592	0.6485
12600	0.5862
12608	0.725
12616	0.6671
12624	0.7349
12632	0.7782
12640	0.7063
12648	0.7362
12656	0.6982
12664	0.6232
12672	0.652
12680	0.6084
12688	0.5857
12696	0.6233
12704	0.6813
12712	0.665
12720	0.8283
12728	0.6554
12736	0.901
12744	0.7243
12752	0.7552
12760	0.7113
12768	0.7369
12776	0.5692
12784	0.6846
12792	0.6779
12800	0.7044
12808	0.6719
12816	0.7079
12824	0.6689
12832	0.559
12840	0.7199
12848	0.6942
12856	0.7121
12864	0.7608
12872	0.7123
12880	0.8087
12888	0.6573
12896	0.8543
12904	0.5883
12912	0.7309
12920	0.4843
12928	0.689
12936	0.682
12944	0.5482
12952	0.6415
12960	0.6396
12968	0.6246
12976	0.6768
12984	0.6709
12992	0.6158
13000	0.5748
13008	0.7363
13016	0.7635
13024	0.6928
13032	0.6651
13040	0.6166
13048	0.5596
13056	0.5496
13064	0.6699
13072	0.5578
13080	0.7426
13088	0.6266
13096	0.6521
13104	0.6818
13112	0.7643
13120	0.7328
13128	0.6052
13136	0.5711
13144	0.5624
13152	0.592
13160	0.5686
13168	0.6926
13176	0.6967
13184	0.6899
13192	0.724
13200	0.6616
13208	0.595
13216	0.6521
13224	0.6139
13232	0.7354
13240	0.6276
13248	0.5493
13256	0.5735
13264	0.5506
13272	0.7842
13280	0.7308
13288	0.7775
13296	0.6349
13304	0.5835
13312	0.6765
13320	0.6137
13328	0.7056
13336	0.6846
13344	0.7105
13352	0.7335
13360	0.8203
13368	0.5707
13376	0.748
13384	0.6297
13392	0.6076
13400	0.6781
13408	0.6216
13416	0.779
13424	0.6836
13432	0.6299
13440	0.699
13448	0.6353
13456	0.6516
13464	0.6447
13472	0.5835
13480	0.6531
13488	0.6224
13496	0.6855
13504	0.5747
13512	0.6817
13520	0.6776
13528	0.6795
13536	0.7648
13544	0.6029
13552	0.7035
13560	0.6538
13568	0.58
13576	0.6916
13584	0.7694
13592	0.6847
13600	0.5632
13608	0.6431
13616	0.6652
13624	0.718
13632	0.5728
13640	0.6953
13648	0.6221
13656	0.7927
13664	0.6841
13672	0.7096
13680	0.6702
13688	0.6558
13696	0.6563
13704	0.5003
13712	0.5353
13720	0.6696
13728	0.588
13736	0.6328
13744	0.773
13752	0.6328
13760	0.7504
13768	0.6564
13776	0.6433
13784	0.7258
13792	0.7328
13800	0.6335
13808	0.6196
13816	0.6697
13824	0.6298
13832	0.6359
13840	0.7219
13848	0.7032
13856	0.716
13864	0.6414
13872	0.5572
13880	0.7329
13888	0.602
13896	0.7094
13904	0.7079
13912	0.755
13920	0.6311
13928	0.7202
13936	0.5852
13944	0.6344
13952	0.6863
13960	0.6767
13968	0.6902
13976	0.7169
13984	0.8744
13992	0.6295
14000	0.5691
14008	0.736
14016	0.6863
14024	0.7459
14032	0.6114
14040	0.6904
14048	0.7867
14056	0.6054
14064	0.6795
14072	0.7193
14080	0.5909
14088	0.593
14096	0.6387
14104	0.6106
14112	0.8297
14120	0.6427
14128	0.7092
14136	0.7361
14144	0.6359
14152	0.673
14160	0.7084
14168	0.8234
14176	0.7445
14184	0.7422
14192	0.7604
14200	0.6726
14208	0.6227
14216	0.6996
14224	0.7236
14232	0.5609
14240	0.5438
14248	0.65
14256	0.5231
14264	0.6866
14272	0.6199
14280	0.7373
14288	0.6717
14296	0.6425
14304	0.8014
14312	0.6734
14320	0.6375
14328	0.7142
14336	0.6691
14344	0.7416
14352	0.6065
14360	0.7095
14368	0.6464
14376	0.564
14384	0.6626
14392	0.6308
14400	0.6486
14408	0.7256
14416	0.6646
14424	0.7647
14432	0.5557
14440	0.663
14448	0.711
14456	0.614
14464	0.6628
14472	0.6854
14480	0.6788
14488	0.6639
14496	0.6646
14504	0.6948
14512	0.6575
14520	0.6481
14528	0.7205
14536	0.658
14544	0.688
14552	0.7436
14560	0.7029
14568	0.7131
14576	0.7492
14584	0.6613
14592	0.7593
14600	0.5455
14608	0.5689
14616	0.6553
14624	0.5754
14632	0.681
14640	0.7585
14648	0.6856
14656	0.7161
14664	0.8649
14672	0.6988
14680	0.7793
14688	0.6738
14696	0.7786
14704	0.7544
14712	0.6844
14720	0.575
14728	0.7807
14736	0.6291
14744	0.7967
14752	0.6988
14760	0.8133
14768	0.6544
14776	0.6432
14784	0.6301
14792	0.6765
14800	0.7394
14808	0.6271
14816	0.641
14824	0.7133
14832	0.6918
14840	0.7801
14848	0.586
14856	0.6779
14864	0.7154
14872	0.6102
14880	0.6811
14888	0.6646
14896	0.5394
14904	0.8478
14912	0.5988
14920	0.6435
14928	0.7933
14936	0.5931
14944	0.5988
14952	0.6201
14960	0.6889
14968	0.7353
14976	0.6411
14984	0.6865
14992	0.7056
7000	0.01606
7008	-0.002317
7016	0.00263
7024	-0.005648
7032	0.02922
7040	0.01141
7048	0.01755
7056	2.296E-4
7064	0.005232
7072	0.01341
7080	0.003791
7088	-0.002227
7096	0.004129
7104	0.01026
7112	0.008358
7120	0.02127
7128	-0.004201
7136	0.009733
7144	0.01101
7152	0.01821
7160	0.006832
7168	0.002606
7176	0.02361
7184	0.008263
7192	-0.003106
7200	0.01561
7208	0.003145
7216	0.01463
7224	7.318E-4
7232	0.008381
7240	0.009401
7248	0.0166
7256	0.01396
7264	0.01386
7272	0.006153
7280	0.006629
7288	0.00199
7296	0.007453
7304	0.006581
7312	0.00102
7320	-0.003826
7328	-0.01155
7336	0.00972
7344	0.01669
7352	0.009906
7360	0.004761
7368	-0.002465
7376	0.003014
7384	-0.00615
7392	-0.003428
7400	-0.00386
7408	0.007242
7416	0.008217
7424	0.0144
7432	0.01136
7440	0.007734
7448	-0.001644
7456	6.555E-4
7464	0.004618
7472	-0.006451
7480	0.009461
7488	0.01886
7496	0.01089
7504	0.004537
7512	0.01468
7520	-8.333E-4
7528	0.01493
7536	0.01628
7544	0.006031
7552	0.02097
7560	0.01703
7568	0.003392
7576	0.004312
7584	0.009444
7592	0.006298
7600	0.01302
7608	0.006214
7616	0.02447
7624	0.008614
7632	0.004504
7640	2.114E-4
7648	0.01067
7656	0.02519
7664	0.01245
7672	0.02181
7680	0.01751
7688	0.005344
7696	-2.202E-4
7704	0.01096
7712	0.02702
7720	0.02283
7728	0.005088
7736	0.004414
7744	0.004584
7752	0.01108
7760	0.006147
7768	0.02049
7776	0.01855
7784	0.01653
7792	0.01141
7800	0.002403
7808	0.01029
7816	0.01963
7824	0.007388
7832	-7.163E-4
7840	0.004313
7848	0.00882
7856	0.01306
7864	0.001218
7872	0.004234
7880	0.009256
7888	0.006157
7896	-0.001831
7904	0.005011
7912	0.01103
7920	0.02172
7928	-0.006574
7936	0.008116
7944	0.00158
7952	0.006106
7960	0.01567
7968	-0.004144
7976	0.02065
7984	0.01108
7992	7.28E-5
8000	0.01481
8008	0.01166
8016	0.006159
8024	0.02282
8032	0.01114
8040	8.867E-4
8048	0.002569
8056	0.004353
8064	0.01698
8072	0.02229
8080	0.0111
8088	2.166E-4
8096	0.005492
8104	0.006604
8112	0.01999
8120	0.01469
8128	0.002633
8136	0.003404
8144	0.01503
8152	0.01766
8160	0.002298
8168	-0.01006
8176	0.009622
8184	0.002475
8192	0.002586
8200	0.003608
8208	0.01131
8216	0.003323
8224	0.01004
8232	0.02188
8240	0.005889
8248	-9.545E-4
8256	0.004876
8264	0.007367
8272	0.01674
8280	0.008219
8288	0.0187
8296	0.0133
8304	0.01078
8312	0.01836
8320	-0.003693
8328	0.005087
8336	0.006165
8344	0.008358
8352	0.002301
8360	0.003875
8368	0.007931
8376	0.01122
8384	-0.002159
8392	-0.00602
8400	0.005427
8408	-0.003227
8416	0.01183
8424	0.006658
8432	0.008687
8440	0.01058
8448	0.001998
8456	-0.001601
8464	0.001408
8472	0.003579
8480	-0.003152
8488	0.01005
8496	-4.694E-5
8504	0.004813
8512	0.005766
8520	0.007368
8528	0.0137
8536	0.00927
8544	0.002338
8552	-0.007443
8560	0.003982
8568	0.01934
8576	0.01666
8584	0.01598
8592	0.01183
8600	0.009348
8608	0.01787
8616	0.008787
8624	-0.004784
8632	0.01017
8640	0.02716
8648	-0.004413
8656	0.01626
8664	0.01247
8672	0.01297
8680	0.01629
8688	0.01005
8696	0.01226
8704	0.002188
8712	0.01048
8720	-1.446E-4
8728	7.618E-4
8736	9.987E-4
8744	0.02088
8752	0.02549
8760	0.007258
8768	0.009434
8776	0.01162
8784	0.01392
8792	-0.003699
8800	0.01493
8808	0.007659
8816	0.005837
8824	0.00949
8832	-0.005809
8840	-0.006784
8848	0.01405
8856	0.00682
8864	0.01387
8872	0.0163
8880	0.02263
8888	0.00544
8896	-7.157E-4
8904	0.01632
8912	0.01597
8920	0.01635
8928	0.009634
8936	0.003995
8944	0.01704
8952	0.0107
8960	0.005275
8968	0.001683
8976	7.993E-4
8984	0.0081
8992	0.01622
9000	0.01706
9008	0.01044
9016	0.005557
9024	0.01233
9032	0.005253
9040	0.01035
9048	-0.008291
9056	0.0139
9064	0.0184
9072	0.004439
9080	0.003623
9088	0.009609
9096	0.0119
9104	0.001421
9112	0.003391
9120	0.005086
9128	9.841E-4
9136	-9.128E-4
9144	0.005208
9152	0.007647
9160	-0.008123
9168	-0.01106
9176	0.00846
9184	0.01515
9192	0.008639
9200	0.001638
9208	0.007167
9216	0.01007
9224	0.01247
9232	0.008984
9240	0.009737
9248	0.004924
9256	0.007223
9264	-0.001767
9272	0.01961
9280	0.006724
9288	0.006734
9296	0.02007
9304	0.01061
9312	0.02096
9320	0.001264
9328	-9.415E-4
9336	0.003427
9344	0.01321
9352	0.01711
9360	0.01218
9368	8.892E-4
9376	0.002914
9384	0.006513
9392	-0.002849
9400	0.005195
9408	0.00458
9416	0.02149
9424	-0.01013
9432	0.01867
9440	0.001537
9448	0.01074
9456	0.01165
9464	4.776E-4
9472	0.01378
9480	0.01079
9488	0.01285
9496	0.01274
9504	0.009755
9512	-0.004949
9520	-5.86E-5
9528	-2.153E-4
9536	2.516E-4
9544	0.004886
9552	0.01838
9560	-0.004561
9568	0.009497
9576	0.01279
9584	-0.005482
9592	0.006785
9600	0.004368
9608	0.001624
9616	0.01519
9624	0.01441
9632	-0.003217
9640	4.948E-4
9648	0.01084
9656	0.004114
9664	0.009158
9672	0.01143
9680	0.003937
9688	-0.007465
9696	0.01134
9704	0.008311
9712	0.0105
9720	0.02294
9728	0.02205
9736	0.01412
9744	-1.314E-4
9752	0.01134
9760	-2.906E-4
9768	-0.00287
9776	0.01189
9784	0.007864
9792	0.009101
9800	0.004214
9808	0.005318
9816	0.001702
9824	0.01269
9832	0.00664
9840	0.01901
9848	0.009728
9856	0.009548
9864	0.01018
9872	0.006473
9880	0.006475
9888	0.01693
9896	0.01872
9904	0.01233
9912	-0.008104
9920	0.005235
9928	0.001567
9936	-0.001804
9944	-0.001546
9952	0.01886
9960	0.01073
9968	0.002299
9976	0.00924
9984	0.01541
9992	0.004338
10000	0.0123
10008	0.01357
10016	0.002461
10024	0.002334
10032	0.006477
10040	0.002591
10048	0.002819
10056	0.01098
10064	0.004998
10072	0.007226
10080	0.01093
10088	0.01349
10096	0.003749
10104	0.01486
10112	0.01158
10120	0.005684
10128	0.004373
10136	0.01763
10144	0.006085
10152	1.222E-4
10160	0.01518
10168	0.007137
10176	0.01136
10184	0.01491
10192	0.01156
10200	0.01411
10208	0.005138
10216	0.006966
10224	0.009866
10232	0.0017
10240	0.005261
10248	0.01024
10256	0.008259
10264	0.006617
10272	0.004069
10280	0.01594
10288	-8.286E-4
10296	0.01262
10304	0.01465
10312	0.01022
10320	0.01212
10328	-0.005146
10336	0.009603
10344	0.004537
10352	0.02073
10360	0.02993
10368	0.001605
10376	0.01384
10384	0.005905
10392	0.00268
10400	0.005153
10408	0.004983
10416	0.002394
10424	0.001575
10432	0.01907
10440	0.004748
10448	0.005698
10456	0.02247
10464	0.005332
10472	0.01365
10480	0.009418
10488	0.01319
10496	0.005697
10504	0.009503
10512	0.01701
10520	0.02117
10528	0.003164
10536	-0.004175
10544	0.008804
10552	0.01124
10560	0.006778
10568	0.01059
10576	0.006325
10584	0.001768
10592	0.01967
10600	0.001275
10608	0.009453
10616	0.002979
10624	0.01699
10632	0.01579
10640	0.005244
10648	0.01317
10656	0.007241
10664	-0.002367
10672	0.01692
10680	-6.412E-4
10688	0.01955
10696	0.00734
10704	0.001401
10712	0.01166
10720	-0.00175
10728	0.0119
10736	0.006886
10744	-0.0013
10752	0.01371
10760	0.01459
10768	0.005411
10776	-0.002301
10784	0.01144
10792	0.007727
10800	0.003327
10808	0.006328
10816	0.008713
10824	0.004382
10832	0.008933
10840	0.01267
10848	0.01841
10856	0.01543
10864	0.02158
10872	0.004108
10880	0.02155
10888	-0.00336
10896	0.004061
10904	0.00607
10912	0.003675
10920	0.01053
10928	0.0225
10936	0.01942
10944	0.02044
10952	0.005323
10960	0.01063
10968	0.001684
10976	0.004008
10984	-3.464E-4
10992	-0.001764
11000	0.01041
11008	0.01048
11016	0.01695
11024	0.006136
11032	0.001621
11040	-0.004979
11048	0.01287
11056	0.0108
11064	0.009584
11072	0.01936
11080	0.002145
11088	0.005329
11096	0.01168
11104	0.003488
11112	-7.027E-4
11120	0.005421
11128	0.0105
11136	-0.002789
11144	0.01197
11152	0.009896
11160	0.006255
11168	0.0127
11176	0.00658
11184	0.001289
11192	0.001031
11200	0.002424
11208	0.02317
11216	0.01253
11224	0.01795
11232	0.01413
11240	0.01604
11248	0.02097
11256	0.006792
11264	0.001804
11272	0.01475
11280	0.006566
11288	0.0176
11296	0.01978
11304	0.009053
11312	0.0175
11320	0.01802
11328	0.02043
11336	0.00342
11344	0.003832
11352	0.01615
11360	0.01743
11368	0.006642
11376	1.614E-4
11384	0.01142
11392	0.006995
11400	0.008892
11408	0.007778
11416	0.00279
11424	0.01901
11432	0.005328
11440	0.009348
11448	0.00565
11456	0.006365
11464	0.01287
11472	0.01242
11480	0.002846
11488	0.01173
11496	0.008556
11504	0.001909
11512	0.0153
11520	0.02203
11528	-0.004459
11536	0.0153
11544	0.003933
11552	0.01094
11560	0.0209
11568	0.008505
11576	0.01791
11584	-3.099E-4
11592	0.008745
11600	-0.002167
11608	-0.001704
11616	0.007219
11624	-0.003652
11632	0.004671
11640	0.01535
11648	0.006543
11656	0.02091
11664	0.007831
11672	0.007371
11680	0.00339
11688	0.01049
11696	0.009161
11704	0.01422
11712	0.006479
11720	0.007138
11728	0.005212
11736	-0.004038
11744	0.006547
11752	0.01293
11760	0.008368
11768	0.0159
11776	0.01426
11784	0.006018
11792	0.008738
11800	0.005416
11808	0.01268
11816	-0.001796
11824	2.941E-4
11832	0.01249
11840	0.007415
11848	0.01168
11856	0.006217
11864	0.004437
11872	0.004603
11880	0.0083
11888	0.00459
11896	0.01651
11904	0.009469
11912	0.01173
11920	0.00891
11928	0.002934
11936	-0.005995
11944	0.001083
11952	0.01546
11960	0.01261
11968	0.02024
11976	0.004106
11984	0.01697
11992	0.01188
12000	0.006664
12008	0.002105
12016	0.008283
12024	0.006929
12032	0.01011
12040	0.009513
12048	0.004915
12056	-0.006505
12064	0.01469
12072	0.003198
12080	0.005528
12088	0.008101
12096	0.01335
12104	0.004259
12112	8.993E-4
12120	0.0124
12128	0.001383
12136	0.01031
12144	0.001915
12152	0.02145
12160	0.00979
12168	0.003207
12176	-0.001196
12184	0.0138
12192	0.007126
12200	0.008687
12208	0.007952
12216	0.01451
12224	0.005667
12232	0.01554
12240	0.01156
12248	-1.575E-4
12256	0.002275
12264	0.007487
12272	-0.005052
12280	-0.003356
12288	-0.006652
12296	0.02398
12304	0.005648
12312	0.002841
12320	0.01582
12328	0.002369
12336	0.00805
12344	0.01804
12352	0.002772
12360	0.01457
12368	0.009112
12376	0.007929
12384	-0.003783
12392	0.01112
12400	-0.004072
12408	0.01436
12416	0.02103
12424	0.02571
12432	0.009579
12440	0.004095
12448	0.02238
12456	-0.00598
12464	0.01212
12472	0.02094
12480	0.01155
12488	0.01557
12496	0.01258
12504	0.00526
12512	0.004268
12520	0.005745
12528	0.007866
12536	0.01428
12544	-0.002703
12552	-0.007738
12560	0.009726
12568	0.00212
12576	0.004904
12584	0.006594
12592	7.441E-4
12600	0.003495
12608	0.005774
12616	0.003772
12624	0.01822
12632	0.004237
12640	0.002082
12648	0.02153
12656	0.005397
12664	0.01132
12672	-0.00294
12680	0.01265
12688	-0.00941
12696	0.008525
12704	0.004909
12712	-3.134E-4
12720	0.01431
12728	0.01147
12736	0.01657
12744	-0.008651
12752	0.02233
12760	0.02534
12768	0.01377
12776	0.01152
12784	0.004953
12792	0.01389
12800	0.01451
12808	0.01178
12816	0.007544
12824	0.009056
12832	0.005394
12840	0.0123
12848	-0.005723
12856	0.01149
12864	0.009123
12872	0.02009
12880	0.01089
12888	-0.01047
12896	0.01215
12904	0.004735
12912	0.004736
12920	0.01382
12928	0.01453
12936	0.008728
12944	0.0166
12952	0.01127
12960	0.003553
12968	0.02081
12976	0.01413
12984	0.01588
12992	0.02171
13000	-5.234E-4
13008	0.01352
13016	-6.03E-5
13024	0.01006
13032	0.01565
13040	0.008289
13048	0.003829
13056	0.001844
13064	0.01087
13072	0.01933
13080	-0.00441
13088	0.01061
13096	0.0114
13104	0.003059
13112	0.01067
13120	0.007766
13128	-3.176E-4
13136	0.001239
13144	0.001341
13152	0.007459
13160	0.003498
13168	-0.005922
13176	0.006569
13184	0.007183
13192	0.006785
13200	0.004577
13208	0.004767
13216	0.003274
13224	0.01082
13232	0.004789
13240	0.006331
13248	-0.003318
13256	0.005079
13264	-0.002145
13272	0.01773
13280	0.006319
13288	-0.001619
13296	-2.211E-4
13304	0.009511
13312	0.01067
13320	0.01019
13328	0.005405
13336	-9.786E-4
13344	0.009793
13352	0.0166
13360	0.009276
13368	0.007504
13376	0.001849
13384	0.009464
13392	0.009743
13400	0.0144
13408	-0.005483
13416	0.003162
13424	0.01477
13432	0.01389
13440	0.008546
13448	0.006736
13456	0.0214
13464	0.01971
13472	0.01386
13480	0.01114
13488	-0.002588
13496	0.00634
13504	0.00426
13512	0.01685
13520	-0.0108
13528	-0.007163
13536	0.01156
13544	-0.001645
13552	0.01429
13560	-1.464E-4
13568	0.01371
13576	0.02104
13584	0.01686
13592	0.01119
13600	0.009493
13608	0.006674
13616	0.01437
13624	-0.01105
13632	-0.001839
13640	0.01199
13648	9.558E-4
13656	0.02501
13664	0.009679
13672	0.01214
13680	0.006462
13688	0.004842
13696	0.005173
13704	0.01442
13712	0.01474
13720	0.008372
13728	-4.246E-4
13736	0.01269
13744	0.00452
13752	0.01322
13760	0.004213
13768	0.00754
13776	0.007077
13784	0.004641
13792	0.02784
13800	0.01936
13808	0.01114
13816	0.003918
13824	0.01382
13832	0.01711
13840	0.009194
13848	0.005568
13856	0.01512
13864	0.007553
13872	0.008406
13880	0.007236
13888	-1.897E-5
13896	0.00317
13904	0.01268
13912	0.006244
13920	0.00908
13928	0.01495
13936	0.008221
13944	0.001982
13952	0.01733
13960	0.01801
13968	0.009076
13976	0.01635
13984	0.009951
13992	0.01039
14000	0.006645
14008	0.01062
14016	-0.002038
14024	0.00696
14032	0.007242
14040	0.0214
14048	0.01517
14056	0.01399
14064	0.006258
14072	0.002988
14080	0.003086
14088	0.01062
14096	0.01472
14104	-8.067E-4
14112	0.01736
14120	0.01483
14128	0.01098
14136	0.01067
14144	0.01666
14152	0.004803
14160	0.007579
14168	0.01882
14176	0.02554
14184	0.0145
14192	0.007605
14200	-0.001589
14208	0.01222
14216	0.01355
14224	0.02335
14232	0.01508
14240	0.006212
14248	0.0211
14256	-0.005614
14264	0.003869
14272	0.02469
14280	0.0114
14288	0.008431
14296	0.01783
14304	0.01425
14312	0.001445
14320	0.01378
14328	0.003137
14336	0.001088
14344	0.02409
14352	0.008964
14360	0.002174
14368	0.0143
14376	0.005222
14384	-5.868E-4
14392	0.01332
14400	0.01368
14408	0.007804
14416	0.01194
14424	0.01448
14432	0.007769
14440	0.006604
14448	0.01663
14456	0.01781
14464	0.003801
14472	0.001621
14480	0.01372
14488	0.01388
14496	0.001876
14504	0.01632
14512	0.01143
14520	-0.00776
14528	0.00556
14536	5.871E-4
14544	0.003879
14552	0.01312
14560	0.002699
14568	0.01905
14576	0.004074
14584	0.01056
14592	0.004336
14600	0.008577
14608	0.01486
14616	0.004223
14624	0.01105
14632	0.001177
14640	-0.005069
14648	0.02023
14656	0.004327
14664	0.01724
14672	0.007344
14680	0.009239
14688	0.01038
14696	-0.008334
14704	0.01058
14712	0.008873
14720	0.007074
14728	0.004773
14736	0.007134
14744	0.007975
14752	0.005433
14760	0.0183
14768	0.02272
14776	0.00516
14784	0.009866
14792	0.006671
14800	0.001264
14808	0.002571
14816	-0.005213
14824	-2.714E-4
14832	0.004101
14840	0.008369
14848	-0.005611
14856	0.01163
14864	0.01444
14872	0.008888
14880	-2.335E-4
14888	0.008197
14896	8.557E-4
14904	0.03111
14912	0.00824
14920	0.005454
14928	0.007554
14936	-0.002049
14944	0.001936
14952	0.01147
14960	0.007672
14968	0.003159
14976	-0.001149
14984	0.005438
14992	0.004863
7000	0.01606
7008	-0.002317
7016	0.00263
7024	-0.005648
7032	0.02922
7040	0.01141
7048	0.01755
7056	2.296E-4
7064	0.005232
7072	0.01341
7080	0.003791
7088	-0.002227
7096	0.004129
7104	0.01026
7112	0.008358
7120	0.02127
7128	-0.004201
7136	0.009733
7144	0.01101
7152	0.01821
7160	0.006832
7168	0.002606
7176	0.02361
7184	0.008263
7192	-0.003106
7200	0.01561
7208	0.003145
7216	0.01463
7224	7.318E-4
7232	0.008381
7240	0.009401
7248	0.0166
7256	0.01396
7264	0.01386
7272	0.006153
7280	0.006629
7288	0.00199
7296	0.007453
7304	0.006581
7312	0.00102
7320	-0.003826
7328	-0.01155
7336	0.00972
7344	0.01669
7352	0.009906
7360	0.004761
7368	-0.002465
7376	0.003014
7384	-0.00615
7392	-0.003428
7400	-0.00386
7408	0.007242
7416	0.008217
7424	0.0144
7432	0.01136
7440	0.007734
7448	-0.001644
7456	6.555E-4
7464	0.004618
7472	-0.006451
7480	0.009461
7488	0.01886
7496	0.01089
7504	0.004537
7512	0.01468
7520	-8.333E-4
7528	0.01493
7536	0.01628
7544	0.006031
7552	0.02097
7560	0.01703
7568	0.003392
7576	0.004312
7584	0.009444
7592	0.006298
7600	0.01302
7608	0.006214
7616	0.02447
7624	0.008614
7632	0.004504
7640	2.114E-4
7648	0.01067
7656	0.02519
7664	0.01245
7672	0.02181
7680	0.01751
7688	0.005344
7696	-2.202E-4
7704	0.01096
7712	0.02702
7720	0.02283
7728	0.005088
7736	0.004414
7744	0.004584
7752	0.01108
7760	0.006147
7768	0.02049
7776	0.01855
7784	0.01653
7792	0.01141
7800	0.002403
7808	0.01029
7816	0.01963
7824	0.007388
7832	-7.163E-4
7840	0.004313
7848	0.00882
7856	0.01306
7864	0.001218
7872	0.004234
7880	0.009256
7888	0.006157
7896	-0.001831
7904	0.005011
7912	0.01103
7920	0.02172
7928	-0.006574
7936	0.008116
7944	0.00158
7952	0.006106
7960	0.01567
7968	-0.004144
7976	0.02065
7984	0.01108
7992	7.28E-5
8000	0.01481
8008	0.01166
8016	0.006159
8024	0.02282
8032	0.01114
8040	8.867E-4
8048	0.002569
8056	0.004353
8064	0.01698
8072	0.02229
8080	0.0111
8088	2.166E-4
8096	0.005492
8104	0.006604
8112	0.01999
8120	0.01469
8128	0.002633
8136	0.003404
8144	0.01503
8152	0.01766
8160	0.002298
8168	-0.01006
8176	0.009622
8184	0.002475
8192	0.002586
8200	0.003608
8208	0.01131
8216	0.003323
8224	0.01004
8232	0.02188
8240	0.005889
8248	-9.545E-4
8256	0.004876
8264	0.007367
8272	0.01674
8280	0.008219
8288	0.0187
8296	0.0133
8304	0.01078
8312	0.01836
8320	-0.003693
8328	0.005087
8336	0.006165
8344	0.008358
8352	0.002301
8360	0.003875
8368	0.007931
8376	0.01122
8384	-0.002159
8392	-0.00602
8400	0.005427
8408	-0.003227
8416	0.01183
8424	0.006658
8432	0.008687
8440	0.01058
8448	0.001998
8456	-0.001601
8464	0.001408
8472	0.003579
8480	-0.003152
8488	0.01005
8496	-4.694E-5
8504	0.004813
8512	0.005766
8520	0.007368
8528	0.0137
8536	0.00927
8544	0.002338
8552	-0.007443
8560	0.003982
8568	0.01934
8576	0.01666
8584	0.01598
8592	0.01183
8600	0.009348
8608	0.01787
8616	0.008787
8624	-0.004784
8632	0.01017
8640	0.02716
8648	-0.004413
8656	0.01626
8664	0.01247
8672	0.01297
8680	0.01629
8688	0.01005
8696	0.01226
8704	0.002188
8712	0.01048
8720	-1.446E-4
8728	7.618E-4
8736	9.987E-4
8744	0.02088
8752	0.02549
8760	0.007258
8768	0.009434
8776	0.01162
8784	0.01392
8792	-0.003699
8800	0.01493
8808	0.007659
8816	0.005837
8824	0.00949
8832	-0.005809
8840	-0.006784
8848	0.01405
8856	0.00682
8864	0.01387
8872	0.0163
8880	0.02263
8888	0.00544
8896	-7.157E-4
8904	0.01632
8912	0.01597
8920	0.01635
8928	0.009634
8936	0.003995
8944	0.01704
8952	0.0107
8960	0.005275
8968	0.001683
8976	7.993E-4
8984	0.0081
8992	0.01622
9000	0.01706
9008	0.01044
9016	0.005557
9024	0.01233
9032	0.005253
9040	0.01035
9048	-0.008291
9056	0.0139
9064	0.0184
9072	0.004439
9080	0.003623
9088	0.009609
9096	0.0119
9104	0.001421
9112	0.003391
9120	0.005086
9128	9.841E-4
9136	-9.128E-4
9144	0.005208
9152	0.007647
9160	-0.008123
9168	-0.01106
9176	0.00846
9184	0.01515
9192	0.008639
9200	0.001638
9208	0.007167
9216	0.01007
9224	0.01247
9232	0.008984
9240	0.009737
9248	0.004924
9256	0.007223
9264	-0.001767
9272	0.01961
9280	0.006724
9288	0.006734
9296	0.02007
9304	0.01061
9312	0.02096
9320	0.001264
9328	-9.415E-4
9336	0.003427
9344	0.01321
9352	0.01711
9360	0.01218
9368	8.892E-4
9376	0.002914
9384	0.006513
9392	-0.002849
9400	0.005195
9408	0.00458
9416	0.02149
9424	-0.01013
9432	0.01867
9440	0.001537
9448	0.01074
9456	0.01165
9464	4.776E-4
9472	0.01378
9480	0.01079
9488	0.01285
9496	0.01274
9504	0.009755
9512	-0.004949
9520	-5.86E-5
9528	-2.153E-4
9536	2.516E-4
9544	0.004886
9552	0.01838
9560	-0.004561
9568	0.009497
9576	0.01279
9584	-0.005482
9592	0.006785
9600	0.004368
9608	0.001624
9616	0.01519
9624	0.01441
9632	-0.003217
9640	4.948E-4
9648	0.01084
9656	0.004114
9664	0.009158
9672	0.01143
9680	0.003937
9688	-0.007465
9696	0.01134
9704	0.008311
9712	0.0105
9720	0.02294
9728	0.02205
9736	0.01412
9744	-1.314E-4
9752	0.01134
9760	-2.906E-4
9768	-0.00287
9776	0.01189
9784	0.007864
9792	0.009101
9800	0.004214
9808	0.005318
9816	0.001702
9824	0.01269
9832	0.00664
9840	0.01901
9848	0.009728
9856	0.009548
9864	0.01018
9872	0.006473
9880	0.006475
9888	0.01693
9896	0.01872
9904	0.01233
9912	-0.008104
9920	0.005235
9928	0.001567
9936	-0.001804
9944	-0.001546
9952	0.01886
9960	0.01073
9968	0.002299
9976	0.00924
9984	0.01541
9992	0.004338
10000	0.0123
10008	0.01357
10016	0.002461
10024	0.002334
10032	0.006477
10040	0.002591
10048	0.002819
10056	0.01098
10064	0.004998
10072	0.007226
10080	0.01093
10088	0.01349
10096	0.003749
10104	0.01486
10112	0.01158
10120	0.005684
10128	0.004373
10136	0.01763
10144	0.006085
10152	1.222E-4
10160	0.01518
10168	0.007137
10176	0.01136
10184	0.01491
10192	0.01156
10200	0.01411
10208	0.005138
10216	0.006966
10224	0.009866
10232	0.0017
10240	0.005261
10248	0.01024
10256	0.008259
10264	0.006617
10272	0.004069
10280	0.01594
10288	-8.286E-4
10296	0.01262
10304	0.01465
10312	0.01022
10320	0.01212
10328	-0.005146
10336	0.009603
10344	0.004537
10352	0.02073
10360	0.02993
10368	0.001605
10376	0.01384
10384	0.005905
10392	0.00268
10400	0.005153
10408	0.004983
10416	0.002394
10424	0.001575
10432	0.01907
10440	0.004748
10448	0.005698
10456	0.02247
10464	0.005332
10472	0.01365
10480	0.009418
10488	0.01319
10496	0.005697
10504	0.009503
10512	0.01701
10520	0.02117
10528	0.003164
10536	-0.004175
10544	0.008804
10552	0.01124
10560	0.006778
10568	0.01059
10576	0.006325
10584	0.001768
10592	0.01967
10600	0.001275
10608	0.009453
10616	0.002979
10624	0.01699
10632	0.01579
10640	0.005244
10648	0.01317
10656	0.007241
10664	-0.002367
10672	0.01692
10680	-6.412E-4
10688	0.01955
10696	0.00734
10704	0.001401
10712	0.01166
10720	-0.00175
10728	0.0119
10736	0.006886
10744	-0.0013
10752	0.01371
10760	0.01459
10768	0.005411
10776	-0.002301
10784	0.01144
10792	0.007727
10800	0.003327
10808	0.006328
10816	0.008713
10824	0.004382
10832	0.008933
10840	0.01267
10848	0.01841
10856	0.01543
10864	0.02158
10872	0.004108
10880	0.02155
10888	-0.00336
10896	0.004061
10904	0.00607
10912	0.003675
10920	0.01053
10928	0.0225
10936	0.01942
10944	0.02044
10952	0.005323
10960	0.01063
10968	0.001684
10976	0.004008
10984	-3.464E-4
10992	-0.001764
11000	0.01041
11008	0.01048
11016	0.01695
11024	0.006136
11032	0.001621
11040	-0.004979
11048	0.01287
11056	0.0108
11064	0.009584
11072	0.01936
11080	0.002145
11088	0.005329
11096	0.01168
11104	0.003488
11112	-7.027E-4
11120	0.005421
11128	0.0105
11136	-0.002789
11144	0.01197
11152	0.009896
11160	0.006255
11168	0.0127
11176	0.00658
11184	0.001289
11192	0.001031
11200	0.002424
11208	0.02317
11216	0.01253
11224	0.01795
11232	0.01413
11240	0.01604
11248	0.02097
11256	0.006792
11264	0.001804
11272	0.01475
11280	0.006566
11288	0.0176
11296	0.01978
11304	0.009053
11312	0.0175
11320	0.01802
11328	0.02043
11336	0.00342
11344	0.003832
11352	0.01615
11360	0.01743
11368	0.006642
11376	1.614E-4
11384	0.01142
11392	0.006995
11400	0.008892
11408	0.007778
11416	0.00279
11424	0.01901
11432	0.005328
11440	0.009348
11448	0.00565
11456	0.006365
11464	0.01287
11472	0.01242
11480	0.002846
11488	0.01173
11496	0.008556
11504	0.001909
11512	0.0153
11520	0.02203
11528	-0.004459
11536	0.0153
11544	0.003933
11552	0.01094
11560	0.0209
11568	0.008505
11576	0.01791
11584	-3.099E-4
11592	0.008745
11600	-0.002167
11608	-0.001704
11616	0.007219
11624	-0.003652
11632	0.004671
11640	0.01535
11648	0.006543
11656	0.02091
11664	0.007831
11672	0.007371
11680	0.00339
11688	0.01049
11696	0.009161
11704	0.01422
11712	0.006479
11720	0.007138
11728	0.005212
11736	-0.004038
11744	0.006547
11752	0.01293
11760	0.008368
11768	0.0159
11776	0.01426
11784	0.006018
11792	0.008738
11800	0.005416
11808	0.01268
11816	-0.001796
11824	2.941E-4
11832	0.01249
11840	0.007415
11848	0.01168
11856	0.006217
11864	0.004437
11872	0.004603
11880	0.0083
11888	0.00459
11896	0.01651
11904	0.009469
11912	0.01173
11920	0.00891
11928	0.002934
11936	-0.005995
11944	0.001083
11952	0.01546
11960	0.01261
11968	0.02024
11976	0.004106
11984	0.01697
11992	0.01188
12000	0.006664
12008	0.002105
12016	0.008283
12024	0.006929
12032	0.01011
12040	0.009513
12048	0.004915
12056	-0.006505
12064	0.01469
12072	0.003198
12080	0.005528
12088	0.008101
12096	0.01335
12104	0.004259
12112	8.993E-4
12120	0.0124
12128	0.001383
12136	0.01031
12144	0.001915
12152	0.02145
12160	0.00979
12168	0.003207
12176	-0.001196
12184	0.0138
12192	0.007126
12200	0.008687
12208	0.007952
12216	0.01451
12224	0.005667
12232	0.01554
12240	0.01156
12248	-1.575E-4
12256	0.002275
12264	0.007487
12272	-0.005052
12280	-0.003356
12288	-0.006652
12296	0.02398
12304	0.005648
12312	0.002841
12320	0.01582
12328	0.002369
12336	0.00805
12344	0.01804
12352	0.002772
12360	0.01457
12368	0.009112
12376	0.007929
12384	-0.003783
12392	0.01112
12400	-0.004072
12408	0.01436
12416	0.02103
12424	0.02571
12432	0.009579
12440	0.004095
12448	0.02238
12456	-0.00598
12464	0.01212
12472	0.02094
12480	0.01155
12488	0.01557
12496	0.01258
12504	0.00526
12512	0.004268
12520	0.005745
12528	0.007866
12536	0.01428
12544	-0.002703
12552	-0.007738
12560	0.009726
12568	0.00212
12576	0.004904
12584	0.006594
12592	7.441E-4
12600	0.003495
12608	0.005774
12616	0.003772
12624	0.01822
12632	0.004237
12640	0.002082
12648	0.02153
12656	0.005397
12664	0.01132
12672	-0.00294
12680	0.01265
12688	-0.00941
12696	0.008525
12704	0.004909
12712	-3.134E-4
12720	0.01431
12728	0.01147
12736	0.01657
12744	-0.008651
12752	0.02233
12760	0.02534
12768	0.01377
12776	0.01152
12784	0.004953
12792	0.01389
12800	0.01451
12808	0.01178
12816	0.007544
12824	0.009056
12832	0.005394
12840	0.0123
12848	-0.005723
12856	0.01149
12864	0.009123
12872	0.02009
12880	0.01089
12888	-0.01047
12896	0.01215
12904	0.004735
12912	0.004736
12920	0.01382
12928	0.01453
12936	0.008728
12944	0.0166
12952	0.01127
12960	0.003553
12968	0.02081
12976	0.01413
12984	0.01588
12992	0.02171
13000	-5.234E-4
13008	0.01352
13016	-6.03E-5
13024	0.01006
13032	0.01565
13040	0.008289
13048	0.003829
13056	0.001844
13064	0.01087
13072	0.01933
13080	-0.00441
13088	0.01061
13096	0.0114
13104	0.003059
13112	0.01067
13120	0.007766
13128	-3.176E-4
13136	0.001239
13144	0.001341
13152	0.007459
13160	0.003498
13168	-0.005922
13176	0.006569
13184	0.007183
13192	0.006785
13200	0.004577
13208	0.004767
13216	0.003274
13224	0.01082
13232	0.004789
13240	0.006331
13248	-0.003318
13256	0.005079
13264	-0.002145
13272	0.01773
13280	0.006319
13288	-0.001619
13296	-2.211E-4
13304	0.009511
13312	0.01067
13320	0.01019
13328	0.005405
13336	-9.786E-4
13344	0.009793
13352	0.0166
13360	0.009276
13368	0.007504
13376	0.001849
13384	0.009464
13392	0.009743
13400	0.0144
13408	-0.005483
13416	0.003162
13424	0.01477
13432	0.01389
13440	0.008546
13448	0.006736
13456	0.0214
13464	0.01971
13472	0.01386
13480	0.01114
13488	-0.002588
13496	0.00634
13504	0.00426
13512	0.01685
13520	-0.0108
13528	-0.007163
13536	0.01156
13544	-0.001645
13552	0.01429
13560	-1.464E-4
13568	0.01371
13576	0.02104
13584	0.01686
13592	0.01119
13600	0.009493
13608	0.006674
13616	0.01437
13624	-0.01105
13632	-0.001839
13640	0.01199
13648	9.558E-4
13656	0.02501
13664	0.009679
13672	0.01214
13680	0.006462
13688	0.004842
13696	0.005173
13704	0.01442
13712	0.01474
13720	0.008372
13728	-4.246E-4
13736	0.01269
13744	0.00452
13752	0.01322
13760	0.004213
13768	0.00754
13776	0.007077
13784	0.004641
13792	0.02784
13800	0.01936
13808	0.01114
13816	0.003918
13824	0.01382
13832	0.01711
13840	0.009194
13848	0.005568
13856	0.01512
13864	0.007553
13872	0.008406
13880	0.007236
13888	-1.897E-5
13896	0.00317
13904	0.01268
13912	0.006244
13920	0.00908
13928	0.01495
13936	0.008221
13944	0.001982
13952	0.01733
13960	0.01801
13968	0.009076
13976	0.01635
13984	0.009951
13992	0.01039
14000	0.006645
14008	0.01062
14016	-0.002038
14024	0.00696
14032	0.007242
14040	0.0214
14048	0.01517
14056	0.01399
14064	0.006258
14072	0.002988
14080	0.003086
14088	0.01062
14096	0.01472
14104	-8.067E-4
14112	0.01736
14120	0.01483
14128	0.01098
14136	0.01067
14144	0.01666
14152	0.004803
14160	0.007579
14168	0.01882
14176	0.02554
14184	0.0145
14192	0.007605
14200	-0.001589
14208	0.01222
14216	0.01355
14224	0.02335
14232	0.01508
14240	0.006212
14248	0.0211
14256	-0.005614
14264	0.003869
14272	0.02469
14280	0.0114
14288	0.008431
14296	0.01783
14304	0.01425
14312	0.001445
14320	0.01378
14328	0.003137
14336	0.001088
14344	0.02409
14352	0.008964
14360	0.002174
14368	0.0143
14376	0.005222
14384	-5.868E-4
14392	0.01332
14400	0.01368
14408	0.007804
14416	0.01194
14424	0.01448
14432	0.007769
14440	0.006604
14448	0.01663
14456	0.01781
14464	0.003801
14472	0.001621
14480	0.01372
14488	0.01388
14496	0.001876
14504	0.01632
14512	0.01143
14520	-0.00776
14528	0.00556
14536	5.871E-4
14544	0.003879
14552	0.01312
14560	0.002699
14568	0.01905
14576	0.004074
14584	0.01056
14592	0.004336
14600	0.008577
14608	0.01486
14616	0.004223
14624	0.01105
14632	0.001177
14640	-0.005069
14648	0.02023
14656	0.004327
14664	0.01724
14672	0.007344
14680	0.009239
14688	0.01038
14696	-0.008334
14704	0.01058
14712	0.008873
14720	0.007074
14728	0.004773
14736	0.007134
14744	0.007975
14752	0.005433
14760	0.0183
14768	0.02272
14776	0.00516
14784	0.009866
14792	0.006671
14800	0.001264
14808	0.002571
14816	-0.005213
14824	-2.714E-4
14832	0.004101
14840	0.008369
14848	-0.005611
14856	0.01163
14864	0.01444
14872	0.008888
14880	-2.335E-4
14888	0.008197
14896	8.557E-4
14904	0.03111
14912	0.00824
14920	0.005454
14928	0.007554
14936	-0.002049
14944	0.001936
14952	0.01147
14960	0.007672
14968	0.003159
14976	-0.001149
14984	0.005438
14992	0.004863
7000	0.01283
7008	0.009745
7016	0.007572
7024	0.009615
7032	0.01186
7040	0.0101
7048	0.009363
7056	0.008968
7064	0.008272
7072	0.009491
7080	0.007301
7088	0.009285
7096	0.01016
7104	0.008159
7112	0.008935
7120	0.01036
7128	0.009996
7136	0.007189
7144	0.008565
7152	0.00938
7160	0.008497
7168	0.0108
7176	0.009455
7184	0.009386
7192	0.008175
7200	0.009411
7208	0.009129
7216	0.0104
7224	0.01027
7232	0.007481
7240	0.008888
7248	0.01145
7256	0.007445
7264	0.009041
7272	0.006685
7280	0.008401
7288	0.01084
7296	0.007557
7304	0.009104
7312	0.009052
7320	0.00962
7328	0.008566
7336	0.01005
7344	0.00893
7352	0.01151
7360	0.008023
7368	0.007383
7376	0.007811
7384	0.009472
7392	0.008514
7400	0.008371
7408	0.01042
7416	0.007485
7424	0.008584
7432	0.00825
7440	0.009108
7448	0.009101
7456	0.006873
7464	0.008412
7472	0.009484
7480	0.007477
7488	0.009262
7496	0.009273
7504	0.009504
7512	0.008405
7520	0.01002
7528	0.01041
7536	0.008179
7544	0.007245
7552	0.01092
7560	0.009383
7568	0.008531
7576	0.00802
7584	0.007652
7592	0.00866
7600	0.006853
7608	0.008855
7616	0.01005
7624	0.008899
7632	0.009354
7640	0.009075
7648	0.00746
7656	0.008694
7664	0.009841
7672	0.009059
7680	0.01055
7688	0.00901
7696	0.0084
7704	0.008965
7712	0.01011
7720	0.006929
7728	0.008343
7736	0.00791
7744	0.008506
7752	0.009134
7760	0.005967
7768	0.01086
7776	0.01125
7784	0.007735
7792	0.007844
7800	0.008234
7808	0.009192
7816	0.009766
7824	0.01083
7832	0.00896
7840	0.009831
7848	0.009673
7856	0.008002
7864	0.009264
7872	0.009204
7880	0.009837
7888	0.01088
7896	0.008319
7904	0.009686
7912	0.01041
7920	0.007501
7928	0.00777
7936	0.008842
7944	0.008891
7952	0.009696
7960	0.008769
7968	0.007742
7976	0.009748
7984	0.009533
7992	0.01007
8000	0.008876
8008	0.01211
8016	0.01042
8024	0.008936
8032	0.009054
8040	0.0087
8048	0.01059
8056	0.009713
8064	0.009438
8072	0.009767
8080	0.00573
8088	0.01044
8096	0.009794
8104	0.008427
8112	0.01073
8120	0.009131
8128	0.0058
8136	0.01005
8144	0.008934
8152	0.008906
8160	0.009033
8168	0.008823
8176	0.01049
8184	0.009709
8192	0.007324
8200	0.009052
8208	0.0142
8216	0.009999
8224	0.009993
8232	0.01135
8240	0.01018
8248	0.009122
8256	0.01057
8264	0.00943
8272	0.009953
8280	0.008594
8288	0.01101
8296	0.006713
8304	0.01059
8312	0.01063
8320	0.009498
8328	0.008125
8336	0.01003
8344	0.008949
8352	0.008205
8360	0.01076
8368	0.009657
8376	0.009961
8384	0.01126
8392	0.01036
8400	0.009517
8408	0.009431
8416	0.008561
8424	0.007799
8432	0.01117
8440	0.01156
8448	0.01076
8456	0.007511
8464	0.01223
8472	0.01178
8480	0.0113
8488	0.01149
8496	0.009294
8504	0.01077
8512	0.009285
8520	0.007791
8528	0.008259
8536	0.007861
8544	0.01109
8552	0.011
8560	0.01005
8568	0.011
8576	0.008671
8584	0.009415
8592	0.01013
8600	0.01081
8608	0.01033
8616	0.008545
8624	0.0102
8632	0.0093
8640	0.01087
8648	0.008901
8656	0.007452
8664	0.00982
8672	0.01011
8680	0.009515
8688	0.008698
8696	0.008657
8704	0.01036
8712	0.008839
8720	0.00823
8728	0.00972
8736	0.009566
8744	0.008381
8752	0.009828
8760	0.009257
8768	0.009523
8776	0.009005
8784	0.008587
8792	0.00858
8800	0.01185
8808	0.008129
8816	0.008137
8824	0.009086
8832	0.01018
8840	0.01078
8848	0.01031
8856	0.01024
8864	0.01089
8872	0.01096
8880	0.009441
8888	0.00742
8896	0.006291
8904	0.009823
8912	0.01126
8920	0.009683
8928	0.009056
8936	0.01174
8944	0.009286
8952	0.009676
8960	0.008722
8968	0.01037
8976	0.008352
8984	0.008609
8992	0.008322
9000	0.01008
9008	0.008424
9016	0.009894
9024	0.01143
9032	0.006379
9040	0.009102
9048	0.01001
9056	0.009212
9064	0.01211
9072	0.00698
9080	0.006427
9088	0.01024
9096	0.008877
9104	0.01056
9112	0.008483
9120	0.008431
9128	0.006959
9136	0.01148
9144	0.008719
9152	0.008325
9160	0.00726
9168	0.008019
9176	0.009457
9184	0.01122
9192	0.007668
9200	0.009075
9208	0.009394
9216	0.01062
9224	0.009076
9232	0.00814
9240	0.007862
9248	0.009304
9256	0.007684
9264	0.00656
9272	0.01308
9280	0.01074
9288	0.0129
9296	0.01014
9304	0.008984
9312	0.01121
9320	0.008065
9328	0.007065
9336	0.009854
9344	0.009025
9352	0.01396
9360	0.01158
9368	0.008015
9376	0.01103
9384	0.01041
9392	0.007811
9400	0.008838
9408	0.007543
9416	0.008524
9424	0.008985
9432	0.008899
9440	0.006673
9448	0.009032
9456	0.009323
9464	0.009998
9472	0.01008
9480	0.009313
9488	0.009502
9496	0.01034
9504	0.009104
9512	0.01125
9520	0.01021
9528	0.009367
9536	0.007633
9544	0.007552
9552	0.01165
9560	0.009788
9568	0.01016
9576	0.007899
9584	0.01102
9592	0.01023
9600	0.009203
9608	0.01295
9616	0.01106
9624	0.009402
9632	0.01047
9640	0.008833
9648	0.0114
9656	0.01231
9664	0.0111
9672	0.01046
9680	0.007802
9688	0.01077
9696	0.01062
9704	0.0114
9712	0.009234
9720	0.0126
9728	0.01093
9736	0.008941
9744	0.01057
9752	0.009545
9760	0.0101
9768	0.007924
9776	0.009559
9784	0.007996
9792	0.009602
9800	0.008805
9808	0.008711
9816	0.006858
9824	0.01014
9832	0.008885
9840	0.01158
9848	0.008121
9856	0.009596
9864	0.00796
9872	0.009092
9880	0.009354
9888	0.01028
9896	0.007613
9904	0.008396
9912	0.0102
9920	0.007706
9928	0.009742
9936	0.009682
9944	0.008271
9952	0.01061
9960	0.009192
9968	0.009083
9976	0.007905
9984	0.007364
9992	0.009223
10000	0.01152
10008	0.007855
10016	0.007632
10024	0.01017
10032	0.01102
10040	0.01012
10048	0.009464
10056	0.01046
10064	0.009274
10072	0.01135
10080	0.008388
10088	0.008707
10096	0.008682
10104	0.009989
10112	0.00788
10120	0.008763
10128	0.009852
10136	0.009549
10144	0.01042
10152	0.01035
10160	0.008116
10168	0.008511
10176	0.008558
10184	0.01072
10192	0.01113
10200	0.00789
10208	0.009928
10216	0.008375
10224	0.008864
10232	0.008257
10240	0.01049
10248	0.008467
10256	0.009934
10264	0.009098
10272	0.009027
10280	0.01194
10288	0.007048
10296	0.01158
10304	0.009842
10312	0.009085
10320	0.008748
10328	0.007711
10336	0.007461
10344	0.009423
10352	0.0103
10360	0.0116
10368	0.008921
10376	0.006704
10384	0.01136
10392	0.00854
10400	0.007921
10408	0.009457
10416	0.008964
10424	0.00769
10432	0.006708
10440	0.006489
10448	0.008439
10456	0.009152
10464	0.007201
10472	0.009767
10480	0.008835
10488	0.009592
10496	0.00975
10504	0.009177
10512	0.01155
10520	0.01048
10528	0.009245
10536	0.009638
10544	0.007716
10552	0.008925
10560	0.008771
10568	0.01176
10576	0.009403
10584	0.007378
10592	0.0101
10600	0.009524
10608	0.007909
10616	0.006917
10624	0.009244
10632	0.0103
10640	0.008776
10648	0.01124
10656	0.00778
10664	0.008583
10672	0.01362
10680	0.009725
10688	0.01082
10696	0.008593
10704	0.01096
10712	0.009977
10720	0.008867
10728	0.008376
10736	0.008946
10744	0.009441
10752	0.008135
10760	0.009287
10768	0.007721
10776	0.008587
10784	0.008758
10792	0.01027
10800	0.0106
10808	0.009292
10816	0.00988
10824	0.008891
10832	0.0082
10840	0.006817
10848	0.006848
10856	0.01254
10864	0.009586
10872	0.008009
10880	0.008347
10888	0.008596
10896	0.009523
10904	0.006881
10912	0.01114
10920	0.008352
10928	0.01046
10936	0.008997
10944	0.008607
10952	0.009265
10960	0.009804
10968	0.008257
10976	0.006368
10984	0.01047
10992	0.011
11000	0.01302
11008	0.01068
11016	0.0106
11024	0.009322
11032	0.00821
11040	0.00788
11048	0.0101
11056	0.009289
11064	0.007726
11072	0.009332
11080	0.009824
11088	0.007666
11096	0.007886
11104	0.009124
11112	0.008719
11120	0.01035
11128	0.008054
11136	0.00983
11144	0.0123
11152	0.01017
11160	0.0111
11168	0.009597
11176	0.009134
11184	0.01055
11192	0.007236
11200	0.007321
11208	0.01135
11216	0.01101
11224	0.0115
11232	0.01005
11240	0.009795
11248	0.009372
11256	0.009988
11264	0.008063
11272	0.008002
11280	0.009275
11288	0.01158
11296	0.009205
11304	0.007435
11312	0.01211
11320	0.008843
11328	0.007936
11336	0.007849
11344	0.00891
11352	0.00847
11360	0.008442
11368	0.009346
11376	0.009285
11384	0.009906
11392	0.009934
11400	0.009389
11408	0.01155
11416	0.007235
11424	0.008129
11432	0.009942
11440	0.00849
11448	0.007281
11456	0.008593
11464	0.009092
11472	0.009951
11480	0.007987
11488	0.008052
11496	0.008763
11504	0.009225
11512	0.01389
11520	0.01195
11528	0.00893
11536	0.009313
11544	0.00975
11552	0.008587
11560	0.009218
11568	0.007531
11576	0.009129
11584	0.008737
11592	0.009253
11600	0.007957
11608	0.006795
11616	0.009626
11624	0.007023
11632	0.01039
11640	0.00831
11648	0.01124
11656	0.009046
11664	0.008139
11672	0.00913
11680	0.00867
11688	0.009014
11696	0.01312
11704	0.008114
11712	0.008772
11720	0.008291
11728	0.007857
11736	0.008658
11744	0.009195
11752	0.009459
11760	0.01097
11768	0.01084
11776	0.009771
11784	0.008169
11792	0.01062
11800	0.008781
11808	0.01158
11816	0.007801
11824	0.01124
11832	0.008508
11840	0.01072
11848	0.009894
11856	0.008851
11864	0.007941
11872	0.00862
11880	0.01164
11888	0.01074
11896	0.01019
11904	0.009558
11912	0.009061
11920	0.008778
11928	0.008054
11936	0.007106
11944	0.009485
11952	0.01058
11960	0.01082
11968	0.009248
11976	0.008018
11984	0.009337
11992	0.009347
12000	0.009152
12008	0.007052
12016	0.009235
12024	0.007886
12032	0.009341
12040	0.008299
12048	0.008632
12056	0.01213
12064	0.009831
12072	0.01094
12080	0.006241
12088	0.01199
12096	0.01203
12104	0.01238
12112	0.008484
12120	0.008028
12128	0.008804
12136	0.0132
12144	0.00867
12152	0.01125
12160	0.008307
12168	0.007791
12176	0.008547
12184	0.006897
12192	0.007481
12200	0.008389
12208	0.01422
12216	0.008554
12224	0.007964
12232	0.008295
12240	0.01134
12248	0.008905
12256	0.006996
12264	0.008537
12272	0.008896
12280	0.009443
12288	0.008467
12296	0.01022
12304	0.0117
12312	0.0112
12320	0.01112
12328	0.01074
12336	0.009008
12344	0.008261
12352	0.007217
12360	0.008657
12368	0.01082
12376	0.007578
12384	0.006627
12392	0.00818
12400	0.01108
12408	0.007012
12416	0.009734
12424	0.01273
12432	0.007982
12440	0.007947
12448	0.01157
12456	0.009497
12464	0.01095
12472	0.009865
12480	0.01098
12488	0.01084
12496	0.007332
12504	0.009504
12512	0.01018
12520	0.007715
12528	0.009083
12536	0.01091
12544	0.009543
12552	0.008171
12560	0.008484
12568	0.00984
12576	0.01138
12584	0.01008
12592	0.008694
12600	0.008256
12608	0.008125
12616	0.007685
12624	0.009043
12632	0.007069
12640	0.01007
12648	0.01164
12656	0.008925
12664	0.00833
12672	0.01096
12680	0.009108
12688	0.00872
12696	0.008394
12704	0.01032
12712	0.01194
12720	0.009164
12728	0.01061
12736	0.007278
12744	0.008283
12752	0.009963
12760	0.009309
12768	0.009603
12776	0.01076
12784	0.009729
12792	0.00951
12800	0.01089
12808	0.008054
12816	0.01042
12824	0.008046
12832	0.007442
12840	0.008938
12848	0.008239
12856	0.009414
12864	0.01072
12872	0.00862
12880	0.00976
12888	0.01018
12896	0.008938
12904	0.00869
12912	0.00967
12920	0.009545
12928	0.009785
12936	0.01069
12944	0.007921
12952	0.009261
12960	0.01082
12968	0.009593
12976	0.008029
12984	0.009828
12992	0.01486
13000	0.009195
13008	0.01098
13016	0.008888
13024	0.01043
13032	0.009755
13040	0.009251
13048	0.008696
13056	0.008539
13064	0.007856
13072	0.009965
13080	0.01016
13088	0.009167
13096	0.01005
13104	0.007432
13112	0.009288
13120	0.009527
13128	0.007233
13136	0.00889
13144	0.008423
13152	0.009171
13160	0.007418
13168	0.007778
13176	0.008384
13184	0.007973
13192	0.01114
13200	0.01139
13208	0.009829
13216	0.01048
13224	0.007907
13232	0.009141
13240	0.009015
13248	0.008942
13256	0.008654
13264	0.008486
13272	0.008096
13280	0.008667
13288	0.009875
13296	0.008081
13304	0.01113
13312	0.00885
13320	0.009194
13328	0.007156
13336	0.009165
13344	0.009172
13352	0.01028
13360	0.008178
13368	0.01079
13376	0.01028
13384	0.008568
13392	0.01048
13400	0.01101
13408	0.007442
13416	0.008575
13424	0.009097
13432	0.0111
13440	0.009647
13448	0.01501
13456	0.009516
13464	0.009588
13472	0.01182
13480	0.01143
13488	0.008189
13496	0.006602
13504	0.008373
13512	0.008418
13520	0.008062
13528	0.007634
13536	0.007284
13544	0.008184
13552	0.008903
13560	0.01138
13568	0.008867
13576	0.01141
13584	0.008932
13592	0.007551
13600	0.009899
13608	0.00909
13616	0.009288
13624	0.007836
13632	0.009324
13640	0.00832
13648	0.008142
13656	0.009683
13664	0.008795
13672	0.009046
13680	0.008472
13688	0.01106
13696	0.009188
13704	0.009464
13712	0.01003
13720	0.007591
13728	0.009755
13736	0.009357
13744	0.008596
13752	0.01051
13760	0.01024
13768	0.008658
13776	0.01027
13784	0.009764
13792	0.00869
13800	0.01112
13808	0.007721
13816	0.008211
13824	0.008471
13832	0.009225
13840	0.00859
13848	0.008374
13856	0.009919
13864	0.008675
13872	0.008654
13880	0.01102
13888	0.007563
13896	0.008176
13904	0.00915
13912	0.009539
13920	0.008541
13928	0.009371
13936	0.008846
13944	0.007473
13952	0.008857
13960	0.007973
13968	0.01064
13976	0.007886
13984	0.00978
13992	0.008606
14000	0.009804
14008	0.009773
14016	0.00824
14024	0.008824
14032	0.00956
14040	0.01075
14048	0.00961
14056	0.008649
14064	0.009214
14072	0.009355
14080	0.01289
14088	0.009137
14096	0.009224
14104	0.01434
14112	0.008964
14120	0.01087
14128	0.00772
14136	0.01094
14144	0.01071
14152	0.01011
14160	0.009352
14168	0.01004
14176	0.009096
14184	0.009588
14192	0.008118
14200	0.006943
14208	0.008164
14216	0.01073
14224	0.01017
14232	0.008766
14240	0.01082
14248	0.01269
14256	0.008406
14264	0.007941
14272	0.01046
14280	0.01068
14288	0.009671
14296	0.01005
14304	0.01103
14312	0.008839
14320	0.008203
14328	0.00969
14336	0.008695
14344	0.009011
14352	0.007792
14360	0.008766
14368	0.008864
14376	0.01027
14384	0.01075
14392	0.01048
14400	0.007283
14408	0.01014
14416	0.01067
14424	0.009927
14432	0.009302
14440	0.007659
14448	0.01104
14456	0.008985
14464	0.009385
14472	0.009329
14480	0.01196
14488	0.008545
14496	0.01193
14504	0.007963
14512	0.009404
14520	0.009363
14528	0.008761
14536	0.00865
14544	0.008524
14552	0.01014
14560	0.009377
14568	0.01147
14576	0.01078
14584	0.009428
14592	0.007237
14600	0.009187
14608	0.01032
14616	0.01024
14624	0.009521
14632	0.008121
14640	0.007833
14648	0.00876
14656	0.0079
14664	0.00834
14672	0.008849
14680	0.007827
14688	0.01033
14696	0.007249
14704	0.007895
14712	0.00857
14720	0.009828
14728	0.009034
14736	0.01326
14744	0.0101
14752	0.006789
14760	0.0101
14768	0.01183
14776	0.008236
14784	0.008745
14792	0.008987
14800	0.007977
14808	0.008958
14816	0.006986
14824	0.008762
14832	0.008328
14840	0.008658
14848	0.007825
14856	0.009278
14864	0.01004
14872	0.008503
14880	0.008706
14888	0.007773
14896	0.009804
14904	0.009138
14912	0.01152
14920	0.008251
14928	0.009559
14936	0.009544
14944	0.008627
14952	0.008584
14960	0.009851
14968	0.008619
14976	0.009525
14984	0.006973
14992	0.01062
